0 16384
0 16384
0.079801 10050
0 15124
0.432454 16263
0 10227
0 7549
0 16384
0 4134
0 5615
0 4227
0 16384
0.339401 13845
0 16384
0 8762
0 6545
0.377984 11728
0 15910
0 12433
0.588109 4659
0 4794
0.0351879 7531
1 9256
1 16384
1 16384
1 16384
1 7766
0 11108
0 4920
0.363281 6656
0 9428
0.468093 5281
0 8466
0 16384
0 7000
0.511823 10277
0 6098
0.16016 10527
0 4979
0 16384
0 5063
0 16384
0.426774 13356
0 13172
0 11174
0 10731
0 4104
0 10916
0 7440
0 10690
0 16384
0 7981
0.0194092 16384
1 10206
0 15323
0 16384
0 6327
0.947937 16384
1 4746
0 5129
0 4649
0 15648
0 10095
0.121745 9832
0 9342
0 12824
0 9041
0 5515
0 5035
0 4138
0 5931
0 13868
0 14224
0 8849
0 14266
0.34629 6483
0 9603
0 6731
0 9877
0 9823
0 6417
0 4507
0 6752
0 4190
0 8720
0 6312
0 12898
0 8430
0 4861
0 5917
0 12731
0 6091
0 4928
0 5747
0 8660
0 8428
0 14456
0 4444
0 16384
0 9815
0 8950
0 11713
0 10748
0 16384
0 6302
0 9870
0 6947
0 16384
0 6722
0.159705 15848
0 4514
0.0427246 16384
1 16384
1 5496
0 5503
0 4911
0 13481
0 16384
0 16384
0 11044
0 16384
0 4365
0.217415 5524
1 6708
0 4446
0 5680
0.309982 8465
0 16384
0 9797
0 5758
0 5935
0.0530489 5297
0 11597
0 4187
0.693044 10767
0 15631
0 11795
0 6489
0 7049
0 13696
0 7571
0 8384
0 4524
0.791127 12127
0 5832
0.552341 8779
1 16384
0 5914
0.115762 9986
0 14244
0.268475 7889
1 7548
0.0439453 16384
1 8880
0 16384
0 5122
0.767503 4585
0 11461
0 6832
0 11472
0 15697
0.49989 9052
0 16384
0 15579
0 13375
0 16384
0 6380
0 5371
0 16384
0 7948
0.108416 15090
0 12655
0 4632
0.855854 15963
0 8248
0 12602
0 5152
0 8010
0 9450
0 7207
0 16384
0 9017
0.51663 8749
0 15287
0.32782 16384
1 4272
0 8094
0 7501
0 10617
0 5613
0 16384
0 11949
0 5157
0 5323
0 9306
0 4619
0 5903
0 11260
0 4204
0.844052 4136
0 5705
0 4172
0.726216 7999
0 8512
1 14747
0.283413 5215
0.915894 16384
0 16384
0 16384
0 16384
0.903549 14287
1 13645
1 16384
0 10312
0.507263 16384
1 16384
1 16384
0.913513 16384
1 16384
0.444763 16384
1 16384
1 16384
1 6272
1 16384
1 16384
0.0150757 16384
1 16384
1 16384
1 13803
1 16384
0.921326 16384
0.796326 16384
1 7147
1 16384
0.920044 16384
1 16384
0 16384
0 16384
0 16384
0 16384
0 16384
0 16384
0 16384
0 16384
0 16384
0 16384
0 16384
0 16384
0 16384
0 16384
0 16384
0 16384
0 16384
0 16384
0 16384
0 16384
0 4118
0 10851
0.470947 16384
1 7853
1 16384
0 9213
0.575174 10070
1 13246
1 5635
0 5890
0 4832
0 5333
0 4607
0 4221
0 4327
0 5897
0 4461
0 4960
0 4442
0 4370
0.529849 6868
0 4657
0.336884 5821
0.874756 16384
0 5546
0 5199
0 8211
0 12068
0.519783 5535
0 4325
0 4165
0 5220
0 4989
0 4814
0 4644
0 4678
0.336441 6114
0 4199
0 4365
0 4562
0 5303
0.671627 5040
0 5089
0 4976
0 4560
0.672486 8305
0 4146
0.798645 16384
1 13664
1 16384
0 5211
0 16384
0 6157
0 5124
0 4884
0.0344896 10032
1 16384
1 16384
1 16384
1 6707
0.0352423 13847
0 16384
0 16384
0 16384
0 4934
0.201585 6816
1 11863
0 16384
0 16384
0 11592
0 10273
0 16384
0 16384
0 16384
0 14377
0 16384
0 16384
0 16384
0 16384
0 16384
0 16384
0 16384
0 11453
0 16384
0 14360
0 11992
0 16384
0 16384
0 16384
0 13521
0 16384
0 16384
0 16384
0 6074
0 16384
0 16384
0 16384
0 13076
0 14745
0 16384
0 16384
0 16384
0 16384
0 16384
0 16384
0 16384
0 8099
0 14844
0 16384
0 16384
0 16384
0 16384
0 16384
0 16384
0 16384
0 16270
0 9367
0 12032
0 13293
0 13299
0 13301
0 13182
0 13291
0 15194
0 16384
0 16384
0 16384
0 16384
0 16384
0 16384
0 6221
0 13105
0 16384
0 16384
0 10732
0 16384
0 16384
0 13034
0 16384
0 16384
0 16384
0 13246
0 16384
0 16384
0 16384
0 16384
0 16384
0 16384
0 16384
0 16384
0 16384
0.954712 16384
1 16384
1 16384
1 16384
0 16384
0 5392
0 16384
0 16384
0 16384
0 16384
0 10471
0 16384
0 12015
0 16384
0 16384
0.178051 4392
1 15549
0.974476 13752
0 16384
0 4158
0.384527 4369
1 16384
0 16384
0.228029 6372
0 6349
0.720272 8830
0 9796
0.845934 9457
1 5573
1 16384
1 4713
1 5632
1 5723
1 6144
1 6066
1 6144
1 6183
1 6144
1 6157
1 6144
1 6105
1 6144
1 6235
1 6144
1 6066
1 6144
1 6183
1 6144
1 6157
1 6144
1 16384
1 16384
0.970154 16384
1 15810
1 5632
1 5660
1 6144
1 6120
1 5632
1 5644
1 6144
1 6148
1 6144
1 5386
1 6144
1 16384
1 16384
0.991517 12496
1 16384
1 16384
1 16384
1 16384
1 16384
1 12178
1 5095
1 5489
0.933268 6144
0.927202 5632
0.938401 6656
1 4571
0 16384
0 10170
0.840742 11428
1 8933
0.35946 8599
