1 4899
1 10163
1 13836
1 14128
1 14571
1 16384
1 16384
1 10747
1 5137
0 8867
0.345351 7517
1 7517
0 7648
0 5746
0 8671
0 5446
0 5246
0 8994
0 5342
0 5526
0 5909
0 6256
0 5741
0 5510
0 5742
0 9600
0 10752
0.399421 6910
1 9767
0.398027 6894
1 5574
1 5510
0.477882 5742
1 6910
0 5909
0 6240
0.424242 6072
1 5526
1 5909
1 6240
1 16384
1 15809
1 9169
1 15371
0 16384
0 15226
0 16384
0 16384
0 14205
0 11264
1 11513
0 4736
0.743223 10624
1 16384
1 4207
1 9566
1 16384
0 8723
0 16384
0 4544
0.664156 10752
1 8942
0 5339
0.307495 16384
0 5175
0.699434 12014
1 14903
0.553383 16110
0.506124 10533
1 16384
1 8704
1 16384
0 16384
0.904348 6210
1 13209
1 12288
1 11795
1 12800
1 12800
1 12800
1 12800
1 12800
1 12800
1 12800
1 12800
1 12800
1 12800
1 12800
1 9543
0.975961 16057
1 12800
1 12800
1 9543
0.975961 16057
1 12800
1 12800
1 12800
1 12800
1 12800
1 12800
1 12800
1 12800
1 12800
1 12800
1 9543
0.975961 16057
1 12800
1 12800
1 12800
1 12800
1 12800
1 12800
1 12800
1 12800
1 12800
1 12800
1 12800
1 12800
1 12800
1 12800
1 12800
1 12800
1 12800
1 12800
1 9543
0.975961 16057
1 12800
1 12800
1 12800
1 12800
1 12800
1 12800
1 12800
1 12800
1 12800
1 12800
1 12800
1 12800
1 12800
1 12800
1 12800
1 12800
1 12800
1 12800
1 12800
1 12800
1 12800
1 12800
1 12800
1 12800
1 9691
0.98504 15909
1 12800
1 12800
1 12800
1 12800
1 12800
1 12800
1 12800
1 12800
1 12800
1 12800
1 12800
1 12800
1 12800
1 12800
1 12800
1 12800
1 12800
1 12800
1 12800
1 12800
1 12800
1 12800
1 12800
1 12800
1 12800
1 12800
1 12800
1 12800
1 12800
1 12800
1 12800
1 12800
1 12800
1 12800
1 12800
1 12800
1 12800
1 12800
1 12800
1 12800
1 12800
1 12800
1 12800
1 12800
1 12800
1 14611
1 12013
1 12800
1 12800
1 12800
1 12800
1 12800
1 12800
1 12800
1 12800
1 12800
1 12800
1 12800
1 12800
1 12800
1 12800
1 12800
1 12800
1 12800
1 12800
1 12800
1 12800
1 12800
1 12800
1 12800
1 12800
1 12800
1 12800
1 9543
0.975961 16057
1 9543
0.975961 16057
1 12800
1 12800
1 12800
1 12800
1 12800
1 12800
1 12800
1 12800
1 12800
1 9646
0.982262 15954
1 12800
1 12800
1 12800
1 12800
1 12800
1 12800
1 12800
1 12800
1 12800
1 12800
1 12800
1 12800
1 12800
1 12800
1 12800
1 12800
1 12800
1 12800
1 12800
1 12800
1 12800
1 12800
1 12800
1 12800
1 12800
1 12800
1 12800
1 12800
1 12800
1 12800
1 12800
1 12800
1 12800
1 12800
1 12800
1 12800
1 12800
1 12800
1 12800
1 12800
1 12800
1 12800
1 12800
1 12800
1 12800
1 12800
1 12800
1 12800
1 12800
1 12800
1 12800
1 12800
1 12800
1 12800
1 12800
1 12800
1 12800
1 12800
1 12800
1 12800
1 9683
0.984545 15917
1 12800
1 12800
1 12800
1 12800
1 12800
1 9682
0.984483 15918
1 12800
1 12800
1 12800
1 12800
1 12800
1 12800
1 12800
1 12800
1 12800
1 12800
1 12800
1 12800
1 12800
1 12800
1 12800
1 12800
1 12800
1 12800
1 12800
1 12800
1 12800
1 12800
1 12800
1 12800
1 12800
1 12800
1 12800
1 12800
1 12800
1 12800
1 12800
1 12800
1 12800
1 9632
0.9814 15968
1 12800
1 12800
1 12800
1 12800
1 12800
1 12800
1 12800
1 12800
1 12800
1 12800
1 12800
1 12800
1 12800
1 12800
1 12800
1 12800
1 12800
1 12800
1 12800
1 9521
0.974625 16079
1 12800
1 12800
1 12800
1 12800
1 12800
1 12800
1 12800
1 12800
1 9646
0.982262 15954
1 12800
1 12800
1 12800
1 12800
1 9528
0.97505 16072
1 12800
1 12800
0.975961 16057
1 12800
1 12800
1 12800
1 12800
1 12800
1 12800
1 12800
1 12800
1 12800
1 12800
1 12800
1 12800
1 12800
1 12800
1 9683
0.984545 15917
1 12800
1 12800
1 12800
1 12800
1 12800
1 12800
1 12800
1 12800
1 12800
1 12800
1 12800
1 12800
1 12800
1 12800
1 12800
1 12800
1 12800
1 12800
1 12800
1 12800
1 12800
1 12800
1 12800
1 12800
1 12800
1 12800
1 12800
1 12800
1 12800
1 12800
1 12800
1 12800
1 12800
1 12800
1 12800
1 12800
1 12800
1 12800
1 12800
1 12800
1 12800
1 12800
1 12800
1 12800
1 12800
1 12800
1 12800
1 12800
1 12800
1 12800
1 12800
1 12800
1 12800
1 12800
1 12800
1 12800
1 12800
1 12800
1 12800
1 12800
1 9638
0.981769 15962
1 12800
1 12800
1 12800
1 12800
1 12800
1 12800
1 12800
1 12800
1 12800
1 12800
1 12800
1 12800
1 12800
1 12800
1 12800
1 12800
1 12800
1 12800
1 12800
1 12800
1 12800
1 12800
1 12800
1 12800
1 12800
1 12800
1 12800
1 12800
1 12800
1 12800
1 12800
1 12800
1 12800
1 12800
1 12800
1 12800
1 12800
1 12800
1 12800
1 12800
1 12800
1 12800
1 12800
1 12800
1 12800
1 12800
1 12800
1 12800
1 12800
1 12800
1 12800
1 12800
1 12800
1 12800
1 12800
1 12800
1 12800
1 12800
1 12800
1 12800
1 12800
1 12800
1 12800
1 12800
1 12800
1 12800
1 12800
1 12800
1 12800
1 9543
0.975961 16057
1 12800
1 12800
1 12800
1 12800
1 12800
1 12800
1 12800
1 12800
1 12800
1 12800
1 12800
1 12800
1 12800
1 12800
1 12800
1 12800
1 12800
1 12800
1 12800
1 12800
1 12800
1 12800
1 12800
1 12800
1 12800
1 12800
1 12800
1 12800
1 12800
1 12800
1 12800
1 12800
0.975961 16057
1 12800
1 12800
1 12800
1 12800
1 12800
1 12800
1 13373
1 5868
1 12800
1 12800
1 12800
1 12800
1 9649
0.982446 15951
1 12800
1 12800
1 12800
1 9644
0.982138 15956
1 12800
1 12800
1 12800
1 12800
1 12800
1 12800
1 12800
1 9646
0.982262 15954
1 12800
1 12800
1 12800
1 12800
1 12800
1 12800
1 12800
1 12800
1 12800
1 12800
1 12800
1 12800
1 12800
1 12800
1 12800
1 12800
1 12800
1 12800
1 12800
1 12800
1 12800
1 12800
1 12800
1 12800
1 12800
1 12800
1 12800
1 12800
1 12800
1 12800
1 12800
1 12800
1 12800
1 12800
1 12800
0.975961 16057
1 12800
1 12800
1 12800
1 9531
0.975232 16069
1 12800
1 12800
1 12800
1 12800
1 12800
1 12800
1 12800
1 12800
1 12800
1 12800
1 12800
1 12800
1 12800
1 12800
1 12800
1 12800
1 12800
1 12800
1 12800
1 12800
1 12800
1 12800
1 12800
1 12800
1 12800
1 12800
1 12800
1 12800
1 12800
1 12800
1 12800
1 12800
1 12800
1 12800
1 12800
1 12800
1 12800
1 12800
1 12800
1 12800
1 12800
1 12800
1 12800
1 12800
1 12800
1 12800
1 12800
1 12800
1 12800
1 12800
1 12800
1 12800
1 12800
0.975961 16057
1 12800
1 12800
1 12800
1 12800
1 12800
1 12800
1 12800
1 12800
1 12800
1 12800
1 12800
1 12800
1 12800
1 12800
1 12800
1 12800
1 12800
1 12800
1 12800
1 12800
1 12800
1 12800
1 12800
1 12800
1 12800
1 12800
1 12800
1 12800
1 12800
1 12800
1 9543
0.975961 16057
1 12800
1 12800
1 12800
1 12800
1 12800
1 12800
1 12800
1 12800
1 12800
1 12800
1 12800
1 12800
1 12800
1 12800
1 12800
1 12800
1 12800
1 12800
1 12800
1 12800
1 12800
1 12800
1 12800
1 12800
1 12800
1 12800
1 12800
1 12800
1 12800
1 12800
1 9543
0.975961 16057
1 12800
1 12800
1 12800
0.975961 16057
1 12800
1 12800
1 12800
1 12800
1 12800
1 12800
1 12800
1 12800
1 12800
1 12800
1 12800
1 12800
1 12800
1 12800
1 12800
1 12800
1 12800
1 12800
1 12800
1 12800
1 12800
1 12800
1 12800
1 12800
1 12800
1 12800
1 12800
1 12800
1 12800
1 12800
1 12800
1 12800
1 12800
1 12800
1 12800
1 12800
1 12800
1 12800
1 12800
1 12800
1 12800
1 12800
1 12800
1 12800
1 12800
1 12800
1 12800
1 12800
1 12800
1 12800
1 12800
1 12800
1 12800
1 12800
1 12800
1 12800
1 12800
1 12800
1 12800
1 12800
1 12800
1 12800
1 12800
1 12800
1 12800
1 12800
1 12800
1 12800
1 12800
1 12800
1 12800
1 12800
1 12800
1 12800
1 12800
1 12800
1 12800
1 12800
1 12800
1 12800
1 12800
1 12800
1 12800
1 12800
1 12800
1 12800
1 12800
1 12800
1 12800
1 12800
1 12800
1 12800
1 12800
1 12800
1 9539
0.975718 16061
1 12800
1 12800
1 9543
0.975961 16057
1 12800
1 12800
1 12800
1 12800
1 12800
1 12800
1 12800
1 12800
1 12800
1 12800
1 12800
1 12800
1 12800
1 12800
1 9683
0.984545 15917
1 12800
1 12800
1 12800
1 12800
1 12800
1 12800
1 12800
1 12800
1 12800
1 12800
1 12800
1 12800
1 12800
1 12800
1 12800
1 12800
1 12800
1 12800
1 12800
1 9635
0.981585 15965
1 12800
1 12800
1 12800
1 12800
1 12800
1 12800
1 12800
1 12800
1 12800
1 12800
1 12800
1 12800
1 12800
1 12800
1 12800
1 12800
1 12800
1 12800
1 12800
1 12800
1 12800
1 12800
1 12800
1 12800
1 12800
1 12800
1 12800
1 12800
1 12800
1 12800
1 12800
1 12800
1 12800
1 12800
1 12800
1 12800
1 12800
1 12800
1 12800
1 12800
1 12800
1 12800
1 12800
1 12800
1 12800
1 12800
1 12800
1 12800
1 12800
1 12800
1 12800
1 12800
1 12800
1 12800
1 12800
1 12800
1 12800
1 12800
1 12800
1 12800
1 12800
1 12800
1 12800
1 12800
1 12800
1 12800
1 12800
1 12800
1 12800
1 12800
1 12800
1 12800
1 12800
1 12800
1 12800
1 12800
1 12800
1 12800
1 12800
1 12800
1 12800
1 12800
1 12800
1 12800
1 12800
1 12800
1 12800
1 12800
1 12800
1 12800
1 12800
1 12800
1 9682
0.984483 15918
1 12800
1 12800
1 9543
0.975961 16057
1 12800
1 12800
1 12800
1 12800
1 12800
1 12800
0.975961 16057
1 12800
1 12800
1 12800
1 12800
1 12800
1 12800
1 12800
1 12800
1 12800
1 12800
1 12800
1 12800
1 12800
1 12800
1 12800
1 12800
1 12800
1 12800
1 12800
1 12800
1 12800
1 12800
1 12800
1 12800
1 12800
1 12800
1 12800
1 12800
1 12800
1 12800
1 12800
1 12800
1 12800
1 12800
1 12800
1 12800
1 12800
1 12800
1 12800
1 12800
1 12800
1 12800
1 9539
0.975718 16061
1 12800
1 12800
1 12800
1 12800
1 12800
1 12800
1 12800
1 12800
1 12800
1 12800
1 12800
1 9543
0.969792 12778
0.974625 16079
1 12800
1 12800
1 12800
1 12800
1 12800
1 12800
1 12800
1 12800
1 12800
1 12800
1 12800
1 12800
1 12800
1 12800
1 12800
1 12800
1 9694
0.985226 15906
1 12800
1 12800
1 12800
1 12800
1 12800
1 12800
1 12800
1 12800
1 12800
1 12800
1 12800
1 12800
1 12800
1 12800
1 12800
1 12800
1 12800
1 12800
1 12800
1 12800
1 12800
1 12800
1 12800
1 12800
1 12800
1 12800
1 12800
1 12800
1 12800
1 12800
1 12800
1 12800
1 12800
1 12800
1 12800
1 12800
1 12800
1 12800
1 12800
1 12800
1 12800
1 12800
1 12800
0.975961 16057
1 12800
1 12800
1 12800
1 12800
1 12800
1 12800
1 12800
1 12800
1 12800
1 12800
1 12800
1 12800
1 12800
1 12800
1 12800
1 12800
1 12800
1 12800
1 12800
1 12800
1 12800
1 12800
1 12800
1 12800
1 12800
1 12800
1 12800
0.975232 16069
1 12800
1 12800
1 12800
1 12800
1 12800
1 12800
1 12800
1 12800
1 12800
1 12800
1 12800
1 12800
1 12800
1 12800
1 12800
1 12800
1 12800
1 12800
1 12800
1 12800
1 12800
1 12800
1 12800
1 12800
1 12800
1 12800
1 12800
1 12800
1 12800
1 12800
1 12800
1 12800
1 12800
1 12800
1 12800
1 12800
1 12800
1 9535
0.975475 16065
1 12800
1 12800
1 12800
1 12800
1 12800
1 12800
1 12800
1 12800
1 12800
1 12800
1 12800
1 12800
1 12800
1 12800
1 12800
1 12800
1 12800
1 12800
1 12800
1 12800
1 12800
1 12800
1 12800
1 12800
1 12800
1 12800
1 12800
1 12800
1 12800
1 12783
1 13312
1 13312
1 13312
1 13312
1 13312
1 13312
1 13312
1 13312
1 13312
1 13312
1 13312
1 13312
1 13312
1 13312
1 13312
1 13312
1 13312
1 13312
1 13312
1 13312
1 13312
1 13312
1 13312
1 13312
1 13312
1 13312
1 13312
1 13312
1 13312
1 13312
1 13312
1 13312
1 13312
1 13312
1 13312
1 13312
1 13312
1 13312
1 13312
1 13312
1 13312
1 13312
1 13312
1 13312
1 13312
1 4437
1 12126
1 12800
1 12800
1 12800
1 12800
1 12800
1 12800
1 12800
1 12800
1 12800
1 12800
1 12800
1 12800
1 12800
1 12800
1 12800
1 12800
1 12800
1 12800
1 12800
1 12800
1 12800
1 12800
1 12800
1 12800
1 12800
1 12800
0.975961 16057
1 12800
1 12800
1 12800
1 12800
1 12800
1 12800
1 12800
1 12800
1 12800
1 12800
1 12800
1 12800
1 12800
1 12800
1 12800
1 12800
1 12800
1 12800
1 12800
1 12800
1 12800
1 12800
1 12800
1 12800
1 12800
1 12800
1 12800
1 12800
1 12800
1 12800
1 9676
0.984112 15924
1 12800
1 12800
1 12800
1 12800
1 12800
1 12800
1 12800
1 12800
1 12800
1 12800
1 12800
1 12800
1 12800
1 12800
1 12800
1 12800
1 12800
1 12800
1 12800
1 12800
1 12800
1 12800
1 12800
1 12800
1 12800
1 12800
1 12800
1 12800
1 12800
1 12800
1 12800
1 12800
1 12800
1 12800
1 12800
1 12800
1 12800
0.975961 16057
1 12800
1 12800
1 12800
1 12800
1 12800
1 12800
1 12800
1 12800
1 12800
1 12800
1 12800
1 12800
1 12800
1 12800
1 12800
1 12800
1 12800
1 12800
1 12800
1 12800
1 12800
1 12800
1 12800
1 12800
1 12800
1 12800
1 12800
1 12800
1 12800
1 12800
1 12800
1 12800
1 12800
0.975961 16057
1 12800
1 12800
1 12800
1 12800
1 12800
1 9636
0.981646 15964
1 12800
1 12800
1 12800
1 12800
1 12800
1 12800
1 12800
1 12800
1 12800
1 12800
1 12800
1 12800
1 12800
1 12800
1 12800
1 12800
1 12800
1 12800
1 12800
1 12800
1 12800
1 12800
1 12800
1 12800
1 12800
1 12800
1 12800
1 12800
1 12800
1 12800
1 12800
1 12800
1 12800
1 12800
1 12800
1 12800
1 12800
1 12800
1 12800
1 12800
1 12800
1 12800
1 12800
1 12800
1 12800
1 12800
1 12800
1 12800
1 12800
1 12800
1 12800
1 12800
1 12800
1 12800
1 12800
1 12800
1 12800
1 12800
1 12800
1 12800
1 12800
1 12800
1 12800
1 12800
1 12800
1 12800
1 12800
1 12800
1 12800
1 12800
1 12800
1 12800
1 12800
1 12800
1 12800
1 12800
1 12800
1 12800
1 12800
1 12800
1 12800
1 12800
1 12800
1 12800
1 12800
1 12800
1 12800
1 12800
1 12800
1 12800
1 12800
1 12800
1 12800
1 12800
1 12800
1 12800
1 12800
1 12800
1 12800
1 12800
1 12800
1 12800
1 12800
1 12800
1 12800
1 12800
1 12800
1 12800
1 12800
1 12800
1 12800
1 12800
1 12800
1 12800
1 12800
1 12800
1 12800
1 12800
1 12800
1 12800
1 12800
1 12800
1 12800
1 12800
1 12800
1 12800
1 12800
1 12800
1 12800
1 12800
1 12800
1 12800
1 12800
1 12800
1 12800
1 12800
1 12800
1 12800
1 12800
1 12800
1 12800
1 12800
1 12800
1 12800
1 12800
1 12800
1 12800
1 12800
1 12800
1 12800
1 9645
0.9822 15955
1 12800
1 12800
1 9525
0.974868 16075
1 12800
1 12800
1 12800
1 12800
1 12800
1 12800
1 12800
1 12800
1 12800
1 12800
1 12800
1 12800
1 12800
1 12800
1 12800
1 12800
1 12800
1 12800
1 12800
1 12800
1 12800
1 12800
1 12800
1 12800
1 12800
1 12800
1 12800
1 12800
1 12800
1 12800
1 12800
1 12800
1 9856
1 4533
1 12303
1 15448
0 7614
1 4527
1 15240
1 14791
1 4326
1 15059
1 15135
1 4164
1 15059
1 15094
1 14923
1 15204
1 15180
1 15204
1 15151
1 13570
1 14927
1 10474
1 15158
1 14865
1 14847
1 15099
1 13019
1 14920
1 15069
1 6059
1 14974
1 13126
1 14866
1 13411
1 14914
1 15235
1 15161
1 14957
1 4140
1 14816
1 14965
1 14923
1 14903
1 14947
1 15179
1 15201
1 15176
1 15236
1 15225
1 15247
1 15074
1 14968
1 15079
1 14988
1 14749
1 13432
1 9106
1 15051
1 14990
1 14971
1 15072
1 15063
1 4132
1 15259
1 14833
1 4378
1 12956
1 15078
1 14408
1 14855
1 12967
1 15170
1 15049
1 14911
1 4496
1 15169
1 4122
1 15103
1 15134
1 14877
0 7513
0 10547
0 13743
0 4870
0 16384
0 10539
0 4241
0.951331 14917
1 4197
1 15103
1 15175
1 14965
0 7525
0 10706
0 14811
0 5321
0 5012
0 13879
0 4241
0.679443 4305
1 13107
1 15163
1 4374
1 14932
1 15231
1 15096
1 14776
1 15100
1 15055
1 14807
1 4158
1 15262
1 15168
1 15032
0 7513
0 10538
0 13591
0 16384
0 9244
0 4241
0.926375 15090
1 4238
1 15132
1 14974
0 7513
0 10527
0 16177
0 16384
0 9678
0 4241
0.920332 15050
1 14990
1 4199
1 15224
1 14993
1 15117
1 14574
1 15051
1 4136
1 15195
1 14555
1 14881
0 7339
0 9801
0 13784
0 16384
0 7084
0 4241
0.941825 14783
1 15199
1 15007
1 14838
1 14626
1 15060
1 13761
0 7339
0 9767
0 8159
0 6858
0 16384
0 10986
0 4241
0.665624 4157
1 15185
1 14949
1 4155
0 12405
0 12673
0 16384
0 10109
0.664122 4192
1 15246
1 4317
1 14462
1 14297
1 4233
1 14843
1 15011
1 15157
1 12964
0 6409
0 4839
0 5940
0 7983
0 8675
0 5237
0.931758 15064
1 15074
1 15133
1 15258
1 15122
0 7513
0 10537
0 9513
0 7225
0 10536
0 4241
0 14966
0 7513
0 10520
0 16384
0 5203
0 16384
0 9343
0 4241
0.962104 14619
1 14986
1 14928
1 14946
1 15103
1 14916
0 7513
0 10540
0 9521
0 6864
0 11259
0 4241
0.940848 14691
1 15145
1 15014
1 14876
1 15114
1 4318
1 15122
1 4192
1 14610
1 15159
1 14408
1 14808
1 15081
1 15020
1 14239
1 8773
1 15082
1 4139
1 15274
1 4137
1 8442
1 4307
1 13167
1 15152
1 15040
1 15139
1 14935
1 14906
1 4719
1 4392
1 14952
1 14824
1 15000
1 14981
1 14889
1 15195
1 4294
1 4368
1 14980
1 13496
1 15267
1 13235
1 15013
1 14844
1 15267
1 14311
1 14436
1 15277
1 14904
1 15099
1 13249
1 14838
1 14960
1 15087
1 15064
1 14942
1 15197
1 15256
1 4128
1 15121
1 14913
1 15226
1 15169
1 4273
1 15180
1 14960
1 4335
1 15273
1 14874
1 15002
1 4209
1 15104
1 15114
0 7513
0 10538
0 14778
0 16384
0 5768
0 13822
0 4241
0.908216 15166
1 8415
1 15271
1 15267
1 14972
1 14847
1 15194
1 13073
1 15042
1 15024
1 15012
1 14939
1 13102
1 15066
1 15009
1 14956
1 14970
1 13405
1 4183
1 4338
1 14994
1 15033
1 15235
1 13655
1 4448
1 15250
1 15052
1 14612
1 14816
1 14788
1 14729
1 14889
1 14941
1 15211
1 14465
1 4145
1 14898
1 15057
1 15197
1 4185
1 15238
1 4192
1 4293
1 14976
1 14506
1 15232
1 15005
1 4179
1 15146
1 4196
1 15216
1 4138
1 15205
1 14953
1 14834
1 4131
1 15205
1 14983
1 15155
1 4185
1 13376
1 14910
1 15225
1 15012
1 12506
1 15037
1 15119
1 15101
1 4216
1 14231
1 4170
1 14016
1 15096
1 14808
1 13172
1 14992
1 14960
1 15233
1 15183
1 15146
1 14808
1 14953
1 14291
1 14917
1 12953
1 15100
1 15033
1 4197
1 4176
1 4218
1 4355
1 12971
1 4248
1 15151
1 15063
1 8436
1 4458
1 14952
1 15137
1 14895
1 15138
1 14853
1 14815
1 15058
1 14939
1 14983
1 14892
1 14953
1 14919
0 7513
0 10543
0 11450
0 8344
0 16384
0 8993
0 4241
0.677812 4187
1 15031
1 14921
1 14736
1 15223
1 14662
1 14843
1 15217
1 15110
0 7513
0 10544
0 15691
0 16384
0 10248
0 4241
0.935486 14276
1 14944
1 4123
0 16384
0 9756
0.941569 15146
1 15075
1 15151
1 14936
1 15279
1 14978
1 13108
1 14908
0 7513
0 10700
0 14988
0 11965
0 4241
0.916369 15138
1 15117
1 14977
1 14984
1 14914
1 14961
1 15214
1 13008
1 4453
1 15002
1 15016
1 14948
1 15117
1 14820
1 15220
0 7513
0 10698
0 8849
0 5489
0 16322
0 9931
0 4241
0.933676 14806
1 15141
1 14933
1 14989
0 7513
0 10540
0 8965
0 7460
0 16384
0 10143
0 4241
0.91814 15160
1 15258
0 7513
0 10539
0 15167
0 16365
0 9810
0 4241
0.911417 15161
1 15075
1 14949
1 14809
1 15294
1 15081
1 14999
1 14105
1 14968
1 15096
1 14881
1 15050
1 14988
1 15096
1 14954
1 4139
1 4099
1 14932
1 14794
1 15183
1 14836
1 15083
1 15131
1 14968
1 15138
1 14832
1 15153
1 14949
1 15134
1 14211
1 15296
1 15134
1 14790
1 14790
1 5303
1 14879
1 14882
1 14753
1 12947
1 15065
1 14462
0 7513
0 10545
0 10328
0 7965
0 16384
0 9596
0 4241
0 14567
0 7513
0 10540
0 8234
0 8164
0 16384
0 9727
0 4241
0 14086
0 7339
0 9770
0 12773
0 16384
0 6143
0 4241
0 14884
0 7513
0 10705
0 8465
0 7922
0 16384
0 9172
0 4241
0 15247
0 7513
0 10543
0 9240
0 9691
0 16384
0 9775
0 4241
0 14694
0 7513
0 10531
0 10415
0 6590
0 16384
0 5081
0 5253
0 4241
0 4118
0 7513
0 10492
0 13696
0 16384
0 9610
0 4241
0 14784
0 7513
0 10552
0 16384
0 7453
0 10422
0 15029
0 4241
0.921642 15059
1 15267
1 14722
0 7513
0 7414
0 5499
0 10056
0 12523
0 16384
0 4627
0 13804
0 4241
0 14620
0 7513
0 10707
0 8419
0 5848
0 16384
0 7924
0 4241
0 14703
0 7513
0 10525
0 16384
0 4849
0 16384
0 8980
0 4241
0 14998
0 7513
0 10550
0 11789
0 6506
0 16384
0 8975
0 4241
0 15150
0 7513
0 10536
0 15443
0 16384
0 10372
0 4241
0.950356 14604
1 4148
0 7513
0 10536
0 8541
0 5758
0 16384
0 9802
0 4241
0 14739
0 7513
0 10702
0 15038
0 16384
0 6342
0 4241
0 14764
0 5132
0 13090
0 15162
0 16384
0 9343
0 4241
0 14579
0 7513
0 10715
0 16384
0 4468
0 13195
0 16384
0 8974
0 4241
0 15197
0 7513
0 5283
0 5426
0 15150
0 16384
0 10132
0 4241
0 14959
0 7513
0 10535
0 11501
0 6277
0 16384
0 9614
0 4241
0 14813
0 7513
0 10546
0 10451
0 5733
0 16384
0 4936
0 5059
0 4241
0 14757
0 7513
0 10531
0 9379
0 8912
0 16384
0 9543
0 4241
0 14988
0 7513
0 10531
0 14873
0 16384
0 9409
0 4241
0 15120
0 7513
0 10551
0 8536
0 7781
0 16384
0 8769
0 4241
0.967429 14338
1 14887
1 14296
0 7513
0 10706
0 14700
0 16384
0 9729
0 4241
0.936026 14756
1 4128
1 14787
0 7513
0 10553
0 15239
0 16384
0 9862
0 4241
0 14682
0 7513
0 10704
0 14715
0 16384
0 8034
0 4241
0 14403
0 7513
0 10706
0 13976
0 16384
0 9916
0 4241
0 14797
0 7513
0 10706
0 8213
0 9676
0 16384
0 10097
0 4241
0 14293
0 7513
0 10541
0 14743
0 16384
0 9894
0 4241
0.907431 15221
1 15200
0 7513
0 10542
0 14490
0 16384
0 9096
0 4241
0 14723
0 7513
0 10538
0 14021
0 16384
0 9860
0 4241
0 14566
0 7513
0 10523
0 15547
0 16384
0 5516
0 13884
0 4241
0 14490
0 7513
0 10709
0 8445
0 6636
0 16384
0 9564
0 4241
0 14989
0 7513
0 10706
0 13975
0 16384
0 9986
0 4241
0.912796 15137
1 14323
1 14621
0 7513
0 10709
0 14946
0 16384
0 9643
0 4241
0 14523
0 7513
0 10703
0 9696
0 5419
0 16384
0 10212
0 4241
0.927099 14993
1 14825
0 7513
0 10553
0 15320
0 16384
0 6047
0 4203
0 4241
0 14900
0 7513
0 10549
0 14620
0 16384
0 9993
0 4241
0 15227
0 7513
0 10544
0 14161
0 16384
0 9937
0 4241
0 14799
0 7513
0 10536
0 9469
0 5079
0 4900
0 16384
0 10052
0 4241
0.927161 14992
1 14385
0 7513
0 5258
0 5442
0 15135
0 16294
0 10095
0 4241
0 15042
0 7513
0 10535
0 9586
0 5390
0 16384
0 9308
0 4241
0.949647 14577
1 15112
1 15209
1 14824
0 7513
0 10535
0 16220
0 16384
0 10144
0 4241
0.927358 15005
1 15256
1 14883
1 14797
1 14730
0 7513
0 10536
0 16384
0 5383
0 16384
0 8399
0 4241
0 13758
0 7339
0 9762
0 13559
0 16384
0 6263
0 4241
0 14471
0 7513
0 10518
0 14811
0 16384
0 5194
0 5233
0 4241
0.658289 4138
1 14453
0 7513
0 10551
0 16384
0 5105
0 16384
0 9516
0 4241
0 14560
0 7513
0 10538
0 14463
0 16384
0 9557
0 4241
0 14883
0 7513
0 10703
0 14688
0 16384
0 10229
0 4241
0 14663
0 7513
0 10701
0 10342
0 6480
0 16384
0 9787
0 4241
0 14700
0 7513
0 10701
0 9101
0 7712
0 16384
0 5807
0 13912
0 4241
0.945833 14603
1 4099
0 7513
0 10540
0 15617
0 16151
0 9457
0 4241
0 14422
0 7513
0 10495
0 16190
0 16384
0 9898
0 4241
0 14367
0 7513
0 10537
0 15320
0 16384
0 9695
0 4241
0 14392
0 7513
0 10700
0 8547
0 7139
0 16384
0 4733
0 5497
0 4241
0 14247
0 7513
0 10538
0 14078
0 16384
0 9675
0 4241
0.944316 14708
1 9851
1 4211
1 15082
1 14889
1 15002
1 14886
1 15152
1 15094
1 4245
1 14961
1 14873
1 15134
1 15139
1 14985
1 15060
1 4333
1 15246
1 4143
1 15114
0 7513
0 10558
0 14977
0 16384
0 10183
0 4241
0.925852 14997
1 14993
1 15032
1 15261
1 15244
1 15123
1 14969
1 15109
1 15126
1 14697
1 15227
1 15225
1 14897
1 14844
1 4230
1 15043
1 15263
1 14970
1 15220
1 14865
1 15236
1 15151
1 15217
1 14943
1 15227
1 14907
1 14743
1 14828
1 14856
1 14819
1 15038
1 14877
1 15154
1 15251
1 15062
1 14931
1 14855
1 14951
1 15176
1 13040
1 4216
1 4158
1 15121
1 15123
1 15026
1 4150
1 4131
1 15137
1 15250
1 4138
1 15270
1 15187
1 14900
1 15204
1 15010
1 15270
1 13344
1 15141
1 14915
1 15178
1 15036
1 15203
1 15058
1 15057
1 14967
1 14918
1 14955
1 14872
1 8733
1 15117
1 14882
1 15236
1 15007
1 14979
1 12969
1 15164
1 15277
1 15121
1 4247
1 14929
1 15033
1 15194
1 15195
1 14801
1 14540
1 15255
1 14889
1 15137
1 15140
1 15014
1 4186
1 14878
1 14595
1 15060
1 15098
1 15141
1 15180
1 4231
1 15136
1 14793
1 15073
1 14758
1 15215
1 9167
1 4206
1 15163
1 15091
1 15252
1 15134
1 15274
1 15088
1 14903
1 14897
1 14622
1 14959
1 14949
1 14908
0 7513
0 10705
0 14925
0 11275
0 4241
0.653791 4168
1 15021
1 14609
1 15264
1 15128
1 15130
1 14863
1 15130
1 14850
1 15190
1 14845
1 15046
1 14894
1 14942
1 15211
1 15121
1 14887
1 13228
1 15106
0 7513
0 10705
0 14010
0 12581
0 4241
0.938627 14746
1 15242
1 15006
1 14947
1 8001
1 14944
1 15148
1 4321
1 4144
1 4308
1 4144
1 8342
1 15166
1 15119
1 4155
1 15082
1 15145
1 15090
1 15183
1 14711
1 15193
1 15027
1 14978
1 14978
1 14945
1 13754
1 14534
0 7222
0 10545
0 16384
0 4484
0 4241
0.945885 14654
1 4582
1 4305
1 15024
1 14795
1 14946
1 15172
1 14954
1 13828
1 15212
1 4174
1 14939
1 14965
1 14056
1 14854
1 14605
1 14763
1 4342
1 14912
1 14663
1 15122
1 15224
1 15203
1 4255
1 14825
1 14972
1 14914
1 14914
1 15004
1 15083
1 14882
1 15251
0 7513
0 10546
0 8895
0 11322
0 16384
0 8460
0 4241
0 4135
0 7513
0 10546
0 11243
0 7784
0 16384
0 8627
0 4241
0.662659 4159
1 4271
1 15249
1 4143
1 15124
1 15185
1 15191
1 15164
1 15166
1 11745
0 4572
0.925553 11713
1 11889
0 4557
0 10030
0 9744
0 8572
0 15867
0 11708
0 4572
0.93288 11621
1 11621
0 4572
0 13384
0 16384
0 5804
0.947309 11444
1 5374
1 5951
1 6339
0 16384
0 16384
0 12358
0 4904
0 16384
0 9816
0 8539
0 9972
0 7486
0 7420
0 7405
0 4674
0 5640
0 6439
0 16384
0 16384
0 12069
0 4901
0 16384
0 16384
0 10434
0 16384
0 14588
0 16384
0 8405
0 4837
0 9644
0.926881 9423
1 15157
1 14497
1 16384
0 4997
0 6651
0 4582
0 6099
0 5504
0 8486
0 11324
0 9441
0 16384
0 16384
0 16384
0 9248
0 5449
0 8449
1 4140
1 15194
1 14964
1 15253
1 15130
1 14691
1 14937
1 15245
1 14542
0 13841
0 12522
0 16384
0 9825
0 14950
0 12661
0 9163
0 16384
0 8983
0.922204 15065
1 14888
0 7513
0 10664
0 12401
0 6732
0 14176
0 16384
0 9366
0 4250
0.947875 14657
1 14623
0 12933
0 7596
0 16384
0 9970
0.682955 4359
1 14714
1 15004
1 14699
1 15344
1 14500
0 7513
0 10605
0 13333
0 16384
0 9890
0 4250
0 14745
0 7513
0 10537
0 15180
0 6964
0 16384
0 9825
0 4250
0.959298 14692
1 15009
1 14672
1 15168
1 14857
1 8283
1 8855
1 8593
1 9039
1 8691
1 8797
1 9147
1 9185
1 8964
1 9172
1 8968
1 9128
1 9036
1 8848
1 9063
1 8976
1 8429
1 8234
0 11030
0 7303
0 8332
0 4400
0 8402
0 11013
0 7220
0 8325
0 4965
0.892913 8367
1 8935
0 8536
0 11011
0 7682
0 8319
0 4932
0 8992
0 8536
0 11024
0 4125
0 5612
0 6369
0.89324 8861
1 9107
1 9150
1 8824
1 9124
1 9190
1 8898
1 8982
1 8572
1 9032
1 8985
1 8979
1 8838
1 8915
1 8931
1 8917
1 8622
1 9234
1 8894
1 9110
1 9024
1 9080
1 8895
1 9045
1 8895
1 8987
1 8801
1 8025
1 4595
0 12238
0 6696
0 16384
0 7860
0 11858
0 9865
0 4396
0 7877
0 7949
0 4458
0 4462
0 6620
0 5725
0 7149
0 16384
0 16384
0 5929
0 13322
0 7440
0 13721
0 6566
0 8385
0 8893
0 14672
0 16384
0 4251
0 4847
0 8730
0 4582
0 8215
0 6405
0 4102
0 5361
0 10286
0 9063
0 12101
0 8626
0 8075
0 7581
0 8147
0 14043
0 6959
0 8043
0 7762
0 13275
0.91291 7142
1 16384
0 5141
0 14291
0 5594
0 7609
0 10234
0 4923
0 16384
0 15604
0 12262
0 4398
0 13351
0 4218
0 7259
0.901904 9297
1 4146
0 8940
1 4099
1 15045
1 5889
1 8619
1 14592
1 14637
1 16384
0 13954
0 8688
1 14531
1 9611
1 13948
1 14808
1 14994
1 5983
0 4939
0 7891
0 5854
0 4795
0 6326
0.919193 9368
1 15121
1 8919
1 15205
1 14901
1 14892
1 15122
1 15131
1 14931
1 15108
1 14972
1 4170
1 14994
0 10705
1 14927
1 14997
1 15098
1 14825
1 15256
1 15241
1 15236
1 15083
1 14956
1 14845
1 14831
1 14893
0 7513
0 10529
0 15559
0 16384
0 10629
0 4244
0.923218 14691
1 15172
1 14892
1 14814
1 15218
1 14836
1 14952
1 14966
1 15248
1 15201
1 15117
1 14705
1 14762
1 15266
1 14814
1 15267
1 15056
1 15149
1 14873
1 15231
1 14904
1 14902
1 14952
1 14999
1 15099
1 14974
1 15236
1 15130
1 14881
1 15086
1 14687
1 15233
1 14856
1 14526
1 15038
1 15049
1 15064
1 15059
1 14959
1 4184
1 15006
1 14904
1 14987
1 14991
1 15110
1 14962
1 14743
1 15094
1 14981
1 14633
1 14910
1 15234
1 15268
1 15180
1 15042
1 15032
1 14456
1 14950
1 15100
1 14887
1 14917
0 16384
0 6784
0 4280
0.923266 15065
1 15034
1 15275
1 15166
1 4208
1 14988
1 14828
1 15161
1 15063
1 15169
1 14898
1 14990
1 15000
1 15081
1 14998
1 14905
1 15251
1 15251
1 4189
1 15002
1 15181
1 14849
1 14880
1 14877
1 14982
1 15030
1 4152
1 14881
1 15092
1 14829
1 15239
1 15278
1 14950
1 15079
1 15051
1 14998
1 14906
1 15011
0 16384
0 10006
0.933882 14837
1 14756
1 15181
1 15068
1 15222
1 14431
1 14804
1 15263
1 14995
1 15095
1 15182
1 14647
1 14313
1 15043
1 15003
1 15082
1 14897
1 15203
1 15018
1 15140
1 15137
1 15030
1 15066
1 14814
1 14797
1 14987
1 14873
1 14366
1 14626
1 15226
1 15277
1 14591
1 15064
1 14817
1 15167
1 15043
1 14998
0 7525
0 10562
0 9695
0 11559
0 16384
0 8647
0 4244
0.919464 15136
1 14957
1 15064
1 15052
1 4183
1 15010
1 14927
1 4143
1 15120
1 14834
1 15006
1 15153
1 14938
1 15137
1 15076
1 14992
1 14886
1 15176
1 15110
1 15011
1 14978
1 15179
1 15206
1 14989
1 14925
1 14810
1 15155
1 14951
1 15223
1 15085
1 15169
1 15193
1 15036
1 14994
1 15054
1 14832
1 15187
1 15017
1 15237
1 14836
1 14894
1 4111
1 14865
1 14971
1 14949
1 14875
1 14868
1 14937
1 14964
1 14758
1 15116
1 14802
1 14879
1 14960
0 7513
0 10530
0 8187
0 13263
0 9906
0 4244
0.921478 15155
1 15026
1 4195
1 14899
1 14887
1 14850
1 14869
1 14400
1 15122
1 14885
1 14854
1 15082
1 14653
1 14428
1 14850
1 14777
1 15101
1 15038
1 15149
1 14852
1 15040
1 15130
1 14989
1 14797
1 15035
0 7513
0 10547
0 14807
0 11583
0 4244
0.65879 4232
1 15278
1 4163
1 15188
1 4154
1 15051
1 15033
1 15019
1 4176
1 15123
1 4123
1 15043
1 14799
1 15043
1 14820
1 15201
1 14484
1 15140
1 4134
1 15096
1 14946
1 15119
1 14919
1 15176
1 14904
1 15021
1 15075
1 4140
1 15236
1 15116
1 15122
1 15240
1 15124
1 15012
1 15111
1 14906
1 15021
1 15225
1 14996
1 15118
1 15041
1 15219
1 15005
1 14969
1 14805
1 15265
1 15242
1 15221
1 15070
1 15108
1 15239
1 14897
1 14935
1 15255
1 14890
1 15106
1 14888
1 15253
1 14952
1 15227
1 14842
1 14781
1 14863
1 15266
1 15156
1 15129
1 15066
1 14853
1 14393
1 14839
1 14883
1 14878
1 14703
1 14925
1 15158
1 15102
1 15229
1 14257
0 7513
0 5029
0 5517
0 9525
0 7472
0 6766
0 16384
0 9885
0 4244
0 14669
0 7513
0 10540
0 16384
0 5234
0 16384
0 8054
0 4244
0 15112
0 7513
0 10538
0 15255
0 16384
0 9976
0 4244
0 14574
0 7513
0 10532
0 9790
0 7544
0 16384
0 9579
0 4244
0 15152
0 7513
0 10539
0 16384
0 16384
0 10434
0 4244
0 14551
0 7513
0 5507
0 16317
0 16384
0 9989
0 4244
0 14699
0 7513
0 5074
0 5465
0 7377
0 9065
0 16384
0 8554
0 4244
0 15281
0 7513
0 10537
0 11135
0 8047
0 16384
0 10219
0 4244
0 14447
0 7513
0 10534
0 9602
0 7047
0 16384
0 9865
0 4244
0 14481
0 7513
0 10537
0 15633
0 16384
0 9372
0 4244
0 14405
0 7513
0 5504
0 9264
0 6525
0 16384
0 6263
0 4244
0 14393
0 7513
0 10533
0 10477
0 6080
0 16384
0 9618
0 4244
0.657597 4153
1 15150
1 15173
1 15147
1 14680
1 14591
0 7513
0 10538
0 9405
0 9902
0 16384
0 9638
0 4244
0 14895
0 7513
0 10540
0 10939
0 5977
0 16384
0 9934
0 4244
0.917234 15139
1 14602
0 7513
0 10546
0 9398
0 7332
0 16384
0 9873
0 4244
0 14315
0 7513
0 10538
0 16384
0 5922
0 14725
0 4730
0 5270
0 4244
0.918964 15055
1 15165
1 14681
0 7513
0 10539
0 9056
0 9076
0 16384
0 9625
0 4244
0.916046 15175
1 14815
1 15035
1 14605
0 7513
0 10546
0 12417
0 13751
0 16384
0 9858
0 4244
0.948838 14581
1 15183
1 15023
1 14594
0 7513
0 5504
0 9801
0 9514
0 16384
0 4851
0 5087
0 4244
0 14612
0 7513
0 10542
0 8817
0 11891
0 16384
0 9381
0 4244
0.928486 15018
1 15005
1 14499
0 7513
0 10694
0 14881
0 16384
0 9766
0 4244
0.91688 15219
1 14978
1 14902
1 14536
0 7513
0 10525
0 16315
0 16384
0 9716
0 4244
0 14139
0 7513
0 10536
0 11611
0 4843
0 16384
0 9597
0 4244
0.916164 15101
1 15055
1 14433
1 15141
1 15225
1 15245
1 15241
1 15170
1 14954
1 14799
1 15165
1 15270
1 15046
1 14835
1 14784
1 14876
1 14922
1 15018
1 14965
1 4147
1 14915
1 14899
1 14579
1 15133
1 14905
1 14899
1 15000
1 15035
1 14903
1 15147
1 14857
1 14902
1 14925
1 15037
1 15106
1 4192
1 14926
1 14958
1 4184
1 14989
1 14972
1 15249
1 15222
1 15252
1 4254
1 14684
1 14973
1 15081
1 15212
1 15132
1 14939
1 15124
1 15122
1 4166
1 15081
1 14871
1 14984
1 14910
1 4212
1 15264
1 14809
1 4154
1 15049
1 4171
1 4230
1 4179
1 4135
1 15234
1 15245
0 7513
0 10530
0 15794
0 7768
0 4244
0.909484 15279
1 15198
1 15063
1 15128
1 4208
1 4188
1 4179
1 4148
1 14770
1 14859
1 15137
1 15086
1 14762
1 14731
1 14958
1 15029
1 4163
1 14982
1 14882
1 15215
1 14924
1 14982
1 14920
1 14453
1 15151
1 15238
1 4134
1 15241
1 4179
1 4145
1 15063
1 15178
1 14932
1 15237
1 14857
1 15107
1 14479
1 15079
1 4183
1 14810
1 15260
1 4138
1 4120
1 15017
1 15044
1 14875
1 15209
1 14863
1 15178
1 15010
1 15206
1 15127
1 15199
1 14768
1 14999
1 14849
1 15084
1 4217
1 15269
1 15043
1 4129
1 15120
1 14839
1 14855
1 4246
1 15257
1 15045
1 4172
1 14952
1 14888
1 15244
1 15263
1 15249
1 15255
1 15185
1 15144
1 15223
1 14993
1 15014
1 15001
1 15199
1 14909
1 15019
0 10517
1 14814
1 15236
1 4139
1 4145
1 13953
1 15021
1 15142
1 14887
1 14729
1 15199
1 15220
1 14719
1 14981
1 15015
1 14793
1 14930
1 15168
1 14761
1 4302
1 4190
1 14956
1 14950
1 15281
0 16384
0 5194
0 4260
0.939867 14734
1 15231
1 14403
1 14915
1 14915
1 15278
1 14360
1 15164
1 14961
1 15073
1 15115
1 14944
1 14564
1 15171
1 15236
1 14989
1 15243
1 14922
1 15033
1 15069
1 15133
1 14462
0 7222
0 5403
0 4764
0 8651
0 5938
0.909061 15197
1 14508
1 14264
1 14979
1 14517
1 14549
1 15016
1 15107
1 15166
1 14980
1 14908
1 15119
1 15119
1 15119
1 15105
1 15074
1 14987
1 15041
1 14813
1 15195
1 15255
1 15145
1 15119
1 14660
1 14943
1 15110
1 15260
1 14834
1 15069
1 15114
1 15135
1 15221
1 15112
1 15159
1 7551
1 15164
0 7513
0 10517
0 9819
0 9889
0 16384
0 7563
0 12721
0 4244
0.929382 14982
1 14482
0 7513
0 10549
0 16384
0 16384
0 16384
0 9904
0 4244
0.954221 14592
1 14424
0 7513
0 10557
0 16384
0 16384
0 16384
0 10231
0 4244
0 14892
0 7513
0 10521
0 14737
0 16384
0 10020
0 4244
0 14474
0 7513
0 10543
0 11322
0 6139
0 16384
0 9662
0 4244
0 14305
0 7513
0 10506
0 10208
0 5716
0 16384
0 9252
0 4244
0.873199 7358
1 14540
0 7513
0 10540
0 15722
0 16384
0 10699
0 4244
0.921082 15117
1 14010
1 15025
1 4131
1 14893
1 15154
1 15108
1 15205
1 14632
1 14821
1 14978
1 15085
1 14997
1 14827
1 15071
1 15056
1 15065
1 4181
1 15134
1 14906
1 15012
1 15046
1 14972
1 15162
1 8777
1 16384
0 8818
0 4540
0 16384
0 16384
0 16384
0 11006
0 13094
0.928163 10134
1 16075
1 16384
1 16355
1 16186
0 7338
0 10312
0 16384
0 4801
0 4276
0.91571 16384
1 16330
1 15902
1 16384
1 16367
1 16384
1 16384
1 4123
1 12435
1 16015
1 16384
1 16104
1 16247
1 16384
0 7338
0 10304
0 11489
0 14916
0 4276
0.928955 16384
1 16262
0 7338
0 10302
0 16384
0 6229
0 4276
0.912659 16384
1 16384
0 7338
0 10183
0 16384
0 6590
0 4276
0.923035 16384
1 16313
1 16384
1 16334
1 16384
1 16384
1 16375
1 16268
1 16384
0 7338
0 10301
0 9648
0 13318
0 4276
0 16384
0 7338
0 10299
0 16384
0 6857
0 4276
0 16384
0 7338
0 10301
0 16384
0 6396
0 4276
0.921692 16384
1 16384
1 7338
1 16384
0 7338
0 10203
0 16384
0 9611
0 4276
0 16384
0 7338
0 10211
0 16384
0 7721
0 4276
0.969291 15891
1 16384
1 16384
1 16252
1 16384
1 10911
0.92981 16384
1 16207
1 16317
1 16384
1 16384
1 16384
1 16384
1 16384
1 16384
1 16381
1 16384
1 16384
1 16384
1 16384
0 7338
0 10200
0 16384
0 5814
0 4276
0.913147 16384
1 16384
1 16384
1 16384
1 6740
1 4127
1 16384
1 16384
1 16384
1 16384
1 16384
1 16155
0 7338
0 10177
0 9750
0 13778
0 4276
0.928528 16384
1 16384
1 16298
0 7338
0 10308
0 9040
0 13999
0 4276
0 16353
0 7338
0 10199
0 16384
0 6568
0 4276
0.93022 16337
1 16384
1 16304
1 16384
1 16384
1 16384
1 16384
1 16376
1 16296
0 8786
0 12545
0.915527 16384
1 16384
1 16221
1 8727
1 16384
1 8549
1 16384
0 7338
0 10190
0 10741
0 15409
0 4276
0.867601 8565
1 16289
1 8783
1 16384
1 8271
0 7338
0 10178
0 16384
0 5538
0 4276
0.915894 16384
1 16384
1 16306
1 16360
1 16384
1 16384
0 7338
0 10303
0 16384
0 5755
0 4276
0.912598 16384
1 16384
0 7338
0 10213
0 16384
0 4276
0.871025 8397
1 8695
1 8407
1 8449
1 8873
1 8462
1 8342
1 16384
1 8726
0 7338
0 10183
0 16384
0 6088
0 4276
0.927307 16384
1 16384
1 16384
1 16384
1 16348
1 16323
1 16384
1 16384
1 16384
1 16384
1 16384
1 16384
1 16384
1 16384
1 16384
1 16384
1 16384
1 16384
1 16384
0 7338
0 4866
0 5439
0 8090
0 14579
0 4276
0.918823 16384
1 16384
0 7338
0 10172
0 16384
0 5467
0 4276
0 16384
0 7338
0 10312
0 16384
0 5955
0 4276
0 16384
0 7338
0 10299
0 16384
0 6037
0 4276
0 16384
0 7338
0 10310
0 16384
0 6155
0 4276
0 16279
0 7338
0 10307
0 16384
0 6365
0 4276
0 16384
0 7338
0 10303
0 8627
0 15648
0 4276
0 16384
0 7338
0 10210
0 16384
0 5364
0 4276
0 16384
0 7338
0 10193
0 16384
0 5527
0 4276
0.923279 16384
1 16205
1 16341
1 16384
1 16347
1 16384
1 16384
1 16384
1 16291
1 16384
1 16384
1 16384
1 8045
1 16255
1 16384
1 16384
1 16384
1 16316
0 16384
0 4772
0.91626 16384
1 16384
1 16384
0 7338
0 10189
0 16384
0 7634
0 4276
0.934631 16384
1 16384
0 16384
0 4732
0.912903 16384
1 8092
1 16384
1 16384
1 16384
1 16384
1 16384
1 16384
1 16384
1 16266
1 16384
1 8549
1 16384
1 16384
1 16384
1 16354
1 8605
1 8516
1 8782
0 7338
0 10301
0 16384
0 5895
0 4276
0.850705 8587
1 8679
1 8384
1 8811
1 8817
1 8718
1 8521
1 16384
1 16384
1 16384
1 16384
1 8026
1 4413
1 15022
1 15173
1 4324
1 15268
1 11873
1 11837
1 11879
1 11721
1 11756
1 11388
1 11436
1 11798
1 11775
1 11404
1 11350
1 14010
1 8660
1 14765
1 14924
1 14848
1 15206
1 15196
0 7513
0 10545
0 14326
0 16384
0 10052
0 4241
0.921676 14989
1 15105
1 14927
0 7513
0 10551
0 14130
0 16384
0 10396
0 4241
0.905402 15254
1 15098
1 14017
1 15030
1 14980
1 4455
1 14058
1 14832
1 15193
1 14800
1 15155
0 7513
0 10683
0 14541
0 16384
0 10973
0 4244
0.920072 14976
1 14871
1 15077
0 7525
0 10707
0 12533
0 6560
0 8143
0 11084
0 4244
0.935759 14866
1 15142
1 14948
1 14934
1 15200
1 14786
1 15008
1 15104
1 15034
1 14893
1 14945
1 15122
1 4442
1 15152
1 14964
1 14825
1 14831
1 14198
1 4099
1 14885
1 14893
1 14210
1 14930
1 14276
1 14762
1 14665
1 15225
1 14822
0 7513
0 10561
0 14659
0 16384
0 12802
0 4244
0.928048 15024
1 15225
1 14688
1 15053
1 14771
1 14745
1 15121
1 15123
1 14845
1 4112
0 13552
0 12595
0.951676 14651
1 14943
1 14884
1 14956
1 14936
1 15103
1 14905
0 16384
0 9796
0.923901 15033
1 14840
1 15269
1 14883
1 14795
1 14844
1 14989
1 15020
1 15106
1 15209
1 15147
1 15016
1 15188
1 14974
1 4218
1 14659
1 4099
1 15127
1 14976
1 14866
1 15153
1 14804
1 14977
1 14948
1 15068
1 15176
1 15158
1 15048
1 15150
1 14961
1 14956
0 7513
0 10691
0 9425
0 6191
0 16384
0 13898
0 4244
0.918591 14986
1 15169
1 14180
0 7513
0 10673
0 13478
0 16384
0 7141
0 12765
0 4244
0 14929
0 7513
0 10554
0 10117
0 5878
0 16384
0 9791
0 4244
0.918151 15101
1 15064
0 7513
0 10709
0 12446
0 6916
0 16384
0 9713
0 4244
0 15280
0 7513
0 10721
0 9502
0 6473
0 16384
0 9385
0 4244
0 14030
0 7513
0 10655
0 13350
0 16384
0 5753
0 4205
0 4244
0.910864 15224
1 14336
1 14846
1 15089
0 7513
0 10705
0 15250
0 16384
0 5858
0 13917
0 4244
0 15201
0 7513
0 10677
0 14188
0 16384
0 9987
0 4244
0 14508
0 7513
0 10558
0 13742
0 16384
0 10250
0 4244
0 14342
0 7513
0 10843
0 16384
0 5618
0 14986
0 9624
0 4244
0.915012 15155
1 14899
0 7513
0 10717
0 8672
0 6184
0 16384
0 10297
0 4244
0 14414
0 7513
0 10667
0 14457
0 16384
0 5554
0 14049
0 4244
0 14630
0 7513
0 5958
0 4155
0 14962
0 16384
0 9476
0 4244
0 14475
0 7513
0 10708
0 14085
0 16384
0 6912
0 4244
0.947804 14618
1 14915
1 14376
1 14754
1 15205
1 14476
0 7513
0 10560
0 14124
0 16384
0 7674
0 12574
0 4244
0.961653 14473
1 15006
1 14598
0 7513
0 10526
0 12485
0 12426
0 10581
0 16384
0 9875
0 4244
0.924907 15048
1 14269
0 7513
0 10675
0 13425
0 16384
0 9202
0 4244
0.651866 4099
1 15135
1 14985
1 4118
1 14593
0 7513
0 10704
0 14091
0 16384
0 10365
0 4244
0.90759 15204
1 15027
1 15168
1 14781
1 15143
1 14798
1 14869
1 14871
1 4138
1 15107
1 14804
1 15116
1 14993
1 15109
1 15060
1 15120
1 15091
1 14908
1 14535
1 15095
1 4123
1 14824
1 15270
1 15068
1 15071
1 15101
1 15233
1 14792
1 14897
1 15256
1 14856
1 15092
0 7513
0 10723
0 16384
0 4359
0 13134
0 4802
0 7669
0 4244
0.728596 4123
1 14308
1 14948
1 15067
1 15145
1 14891
1 15064
1 14816
1 15030
1 4123
1 15056
1 4990
1 15080
1 14895
1 14807
1 4208
1 14880
1 14899
1 15236
1 14850
1 4140
1 14857
1 14508
1 14995
1 14995
1 4147
1 14895
1 14995
1 4140
1 15275
1 14484
1 15230
1 4172
1 15216
1 15012
1 14958
1 14666
1 15207
1 14958
1 14943
1 14711
1 15231
1 15130
1 15130
1 14741
0 7513
0 10722
0 12285
0 9855
0 16384
0 4504
0 5763
0 4244
0 14419
0 7513
0 10690
0 12222
0 8983
0 16384
0 9690
0 4244
0 14498
0 7513
0 10690
0 16384
0 4171
0 16384
0 8252
0 4244
0.916546 15218
1 15105
1 14831
1 15029
1 15051
1 14850
1 14834
1 14986
1 15025
1 14901
1 15196
1 14766
1 14851
1 14934
1 14035
1 4130
1 15167
1 4214
1 14833
1 4356
1 13961
1 14213
1 14895
1 4566
1 14917
1 15255
1 14846
1 14748
0 7513
0 10549
0 14295
0 16384
0 10427
0 4241
0 14641
0 7513
0 10721
0 16384
0 5225
0 16384
0 8576
0 4241
0 14339
0 7513
0 10720
0 16384
0 4718
0 16384
0 7854
0 4241
0 14456
0 7513
0 10558
0 14784
0 16384
0 9649
0 4241
0.931938 8742
1 15211
1 4144
1 15258
1 15258
1 4151
1 15061
1 14088
1 15099
1 15125
1 15125
1 15058
1 14949
1 14910
1 14333
0 6593
0 4844
0 10575
0 5640
0.936216 8858
1 14945
1 4521
1 4127
0 11673
0 7513
0 10539
0 16384
0 5171
0 16384
0 9850
0 4239
0 14547
0 7513
0 10526
0 16384
0 16384
0 16384
0 9600
0 4239
0.926474 7834
1 4171
1 15132
1 8131
0 11659
0 8238
0.93367 13252
1 14757
1 14615
1 14051
1 13874
1 14074
1 14624
1 13709
0 7339
0 9849
0 11771
0 6076
0 7387
0 15678
0 7099
0 4250
0 13973
0 7339
0 9835
0 10180
0 12805
0 9789
0 6296
0 4819
0 5689
0 16384
0 6174
0 4250
0 13997
0 7339
0 9820
0 11554
0 4602
0 16384
0 6220
0 4250
0 13935
0 7339
0 9811
0 7968
0 9173
0 16384
0 5637
0 4250
0.955616 13924
1 14498
1 13945
1 14281
1 14742
1 14868
1 14968
1 14671
0 7513
0 5026
0 5514
0 15287
0 16384
0 6794
0 4241
0.928824 8767
1 15097
1 14857
1 14846
1 8661
0 10722
1 15067
1 15035
1 15130
1 13236
0 8561
0 10916
0 6741
0 5631
0 5811
0.855985 9624
1 10244
0 10652
0.863441 9322
1 12545
0 16384
0 6947
0.882516 11210
1 12558
0 5480
0.904538 12780
1 9606
0 4213
0 5896
0 6953
0.862951 9420
1 9476
1 4152
0 7513
0 10529
0 9565
0 8526
0 5369
0 8615
0 4241
0.914267 15140
1 15144
1 15025
1 15118
1 14968
1 15152
1 15230
1 15046
1 10507
1 14912
1 4183
1 15214
1 15092
1 14922
1 15162
1 15260
1 9974
1 14887
1 4129
1 15079
1 15180
1 15064
1 15281
1 15192
1 7529
1 15171
1 15111
1 14710
0 7513
0 10690
0 10594
0 8542
0 12519
0 6999
0 16384
0 9874
0 4244
0.912635 9157
1 14693
1 4207
1 15169
1 15006
1 14935
1 14867
1 15092
0 7513
0 7572
0 5343
0 7625
0 4699
0 16384
0 9893
0 4241
0.911741 15194
1 14808
1 15224
0 7513
0 10541
0 14525
0 16384
0 9610
0 4241
0.677938 4170
1 14766
1 14702
0 7130
0 16384
0 6265
0.926774 14940
1 14287
1 14907
1 14963
1 15264
1 14689
1 14533
0 7513
0 7569
0 5343
0 10052
0 13366
0 16384
0 9102
0 4241
0.910483 15215
1 14376
0 7513
0 7573
0 5343
0 10267
0 14557
0 16384
0 8987
0 4241
0.937583 8315
1 14937
1 4217
1 15250
1 15146
1 14919
1 15181
1 15141
1 14932
1 15102
1 15139
1 4555
1 15081
1 4285
1 14911
1 14134
1 14996
1 15071
1 15120
1 15050
1 4115
1 15006
1 4246
1 14821
1 14997
1 15052
1 15153
1 14813
1 14730
0 7525
0 10519
0 16384
0 5170
0 16384
0 8551
0 4244
0.928235 15063
1 15192
1 15083
1 15104
1 14993
1 15019
1 15213
1 15036
1 14963
1 4122
1 15073
1 15195
1 15018
1 15018
1 15239
1 15068
1 15042
1 4200
1 15097
1 14763
1 14432
1 4141
1 14434
1 14946
1 15188
1 4145
1 15237
1 15237
1 14908
1 15111
1 4208
1 14886
1 14886
1 4367
1 15200
1 13752
1 8943
1 15069
1 4172
1 14480
1 15092
1 4242
1 14998
1 15169
1 14551
1 14882
1 15070
1 15247
1 15081
1 15214
1 15183
1 15031
1 4182
1 4317
1 14922
1 14907
1 14811
1 15026
0 7513
0 10535
0 10060
0 12101
0 16384
0 9189
0 4241
0.945841 14679
1 15249
1 15082
1 14308
0 7513
0 10549
0 11650
0 8889
0 10546
0 4241
0.92582 15004
1 15042
1 4336
1 14695
1 14650
1 14650
1 15047
1 15125
1 15002
1 14935
1 14986
1 4255
1 4271
1 4216
1 14953
1 15049
1 4269
1 4243
1 15193
1 14957
1 15037
1 15144
1 15260
1 4175
1 15243
1 4398
1 15165
1 4303
1 15018
1 14931
1 4239
1 4410
1 15225
1 15135
1 15121
1 15167
1 15246
1 15249
1 4222
0 12442
0 10457
0 16384
0 9778
0.960958 14651
1 14803
1 15069
1 4266
1 4266
1 4360
1 15105
1 14947
1 4319
1 15216
1 15171
1 15034
1 15034
1 15070
1 4155
1 4144
1 4255
1 4303
1 14963
1 14678
1 4394
1 15169
1 15129
1 15145
1 4297
1 14731
1 14731
1 15243
1 15193
1 15157
1 4278
1 15145
1 15145
1 4195
1 4245
1 4140
1 4245
1 15262
1 4195
1 4245
1 4192
1 15093
1 15220
1 15105
1 15102
1 4366
1 15102
1 15023
1 15099
1 15268
1 15200
1 15200
1 15163
1 4397
1 15175
1 4253
1 4201
1 4209
1 14995
1 15267
1 14949
1 15056
1 14834
1 15260
1 4381
1 4206
1 14909
1 15056
1 4202
1 15171
1 4198
1 4215
1 15066
1 15066
1 15022
1 15244
1 14757
0 7513
0 10543
0 16384
0 4860
0 16384
0 8964
0 4245
0 14623
0 7513
0 10529
0 11046
0 9892
0 16384
0 9931
0 4245
0 14612
0 7513
0 10533
0 15454
0 16384
0 9629
0 4245
0.702265 4195
1 15162
1 14698
1 15268
1 4359
1 15054
1 15054
1 15054
1 15267
1 4256
1 15265
1 15128
1 4139
1 15265
1 15128
1 4172
1 15229
1 15249
1 15016
1 15184
1 15261
1 4134
1 15217
1 15086
1 4134
1 4170
1 15273
1 15234
1 15127
1 15163
1 15282
1 15074
1 15026
1 15090
1 15127
1 15124
1 15090
1 15090
1 15138
1 15027
1 4263
1 14976
1 15064
1 4182
1 4376
1 15261
1 15261
1 15261
1 14831
1 15041
1 15057
1 15181
1 15115
1 15047
1 4161
1 15139
1 15064
1 4180
1 15049
1 14981
1 15074
1 15124
1 15082
1 4342
1 15198
1 14893
1 14983
1 4217
1 14921
1 15060
1 15128
1 4203
1 14918
1 14879
1 14760
1 14846
1 15142
1 15034
1 14689
1 15051
1 14453
1 15092
1 15058
1 15275
1 15210
1 14903
1 14896
1 4173
1 14915
1 15134
1 14934
1 14503
1 14905
1 15275
1 14919
1 14919
1 15274
1 14938
1 15183
1 15063
1 15151
1 14994
1 15075
1 14889
1 15145
1 15163
1 15074
1 4199
1 14871
1 15204
1 15109
1 14471
1 15256
1 15121
1 4174
1 15102
1 14892
1 15060
1 4388
1 15098
1 15196
1 15025
1 15134
1 15070
1 15171
1 14936
1 14790
1 14915
1 14945
1 14775
1 15006
1 14949
1 14837
1 14913
1 15226
1 4148
1 15092
1 14723
1 15232
1 15142
1 4194
1 14844
1 15013
1 15100
1 15116
1 15065
1 4363
1 15146
1 14899
1 14889
1 15014
1 15218
1 15060
1 14898
1 15253
1 14753
1 15243
1 4135
1 15199
1 15038
1 15172
1 14927
1 15192
1 14806
1 15113
1 14873
1 15011
1 14830
1 15096
1 14508
1 14936
1 14868
1 15005
1 4144
1 15057
1 15040
1 4131
1 4192
1 14882
1 14906
1 15126
1 14755
1 4185
1 14391
0 10247
0 6569
0 16384
0 9668
0.932817 14855
1 14788
1 14939
1 14840
1 14951
1 15000
1 15158
1 14973
1 15262
1 14868
1 4199
1 14995
1 14952
1 14896
1 15233
1 15127
0 7513
0 10529
0 15217
0 16384
0 10143
0 4244
0.921957 15107
1 4201
0 16384
0 5056
0 13931
0.926125 15039
1 14844
1 15039
1 15242
1 15140
1 14961
1 14798
1 15214
1 14820
1 15259
1 14544
1 14846
1 15189
1 14794
1 4233
1 14883
1 15042
1 14886
1 14796
1 14777
1 4195
1 14992
1 14402
1 14844
1 15157
1 14952
1 15148
1 14872
1 14856
1 14985
1 14945
1 15009
1 15188
1 15056
1 15181
1 4099
1 14902
1 15003
1 14912
1 4142
1 15034
1 15232
1 15033
1 15241
1 14902
1 15056
1 14847
1 4174
1 14804
1 14836
1 15010
1 15261
1 14979
1 4136
1 14977
0 7513
0 10564
0 11077
0 10502
0 10549
0 4244
0.952834 14714
1 4196
1 15096
1 4174
1 15282
1 15011
1 14967
1 15152
1 4154
1 4194
1 4188
1 15241
1 4219
1 4147
1 14759
1 14918
1 15137
1 14854
1 14943
1 15043
1 14971
1 4212
1 14866
1 4122
1 14991
1 15107
1 15173
1 14788
1 15059
1 15128
1 14882
1 15175
1 15157
1 15108
1 15190
1 14402
1 15256
1 4161
1 15266
1 15270
1 15235
1 15148
1 14850
1 14537
1 15117
1 15210
1 14388
1 4282
1 14803
1 14988
1 14679
1 15222
1 15041
1 15118
1 14895
1 14702
1 15257
1 14856
1 14881
1 14991
1 15114
1 15032
1 14854
1 4186
1 15025
1 15167
1 15217
1 14549
1 15033
1 4424
1 14830
1 15082
1 15001
1 4341
1 15120
1 14940
1 15065
1 15113
1 15282
1 15138
1 15180
1 14898
1 14981
1 14787
1 14336
1 14773
1 14901
1 15091
1 4138
1 14966
1 15233
1 4139
1 4179
1 15047
1 15233
1 4164
1 15093
1 14896
1 15000
1 14856
1 14593
1 14625
1 14821
1 14917
1 15187
1 14657
1 14593
1 14862
1 14852
1 15145
1 4145
1 15048
1 14837
1 15086
0 7513
0 10542
0 14858
0 16384
0 10045
0 4244
0.937927 14789
1 4130
1 15180
1 14810
1 15230
1 14993
1 4199
1 14604
1 15121
1 15118
1 14550
1 14950
1 14889
1 14812
1 15257
1 14777
1 14877
1 14842
1 15040
1 15281
1 15273
1 14775
1 14829
1 15138
1 14954
1 4143
1 14834
1 14980
1 14615
1 4203
1 14850
1 15108
1 14876
1 14933
1 15152
1 4135
1 14822
1 15150
1 15159
1 15073
1 4176
1 15169
1 15124
1 15006
1 14838
1 15015
1 14532
1 15062
1 15235
1 14872
1 15062
1 4134
1 14873
1 14289
1 14899
1 14878
1 14914
1 14892
1 15101
1 4186
1 15175
1 14896
1 15083
1 15094
1 15085
1 15164
1 4188
1 14951
1 15192
1 15174
1 15089
1 15023
1 14998
1 15085
0 7513
0 10540
0 10804
0 8364
0 9191
0 4244
0.934812 14834
1 4186
1 14739
1 15121
1 14956
1 14997
1 14889
1 15187
1 15010
1 14980
1 14975
1 4152
1 15185
1 15109
1 14965
1 14853
1 14929
1 4131
1 14734
1 15029
1 15022
1 15198
1 15079
1 14929
1 15088
1 15075
1 14954
1 4406
1 15035
1 15070
1 14905
1 15106
1 15271
1 15099
1 15120
1 4112
1 14958
1 15143
1 14209
0 7513
0 10507
0 12438
0 6953
0 7416
0 16384
0 9390
0 4244
0 14261
0 7513
0 10547
0 12915
0 7475
0 16384
0 9725
0 4244
0 4138
0 7513
0 10553
0 8807
0 8100
0 16384
0 9403
0 4244
0 14494
0 7513
0 10520
0 9403
0 15497
0 16384
0 9930
0 4244
0 4181
0 7513
0 10518
0 7050
0 6813
0 16384
0 9590
0 4244
0 14689
0 7513
0 10504
0 8451
0 5532
0 16384
0 4655
0 5593
0 4244
0 15099
0 7513
0 10525
0 16122
0 16384
0 10343
0 4244
0 15100
0 7513
0 10539
0 16384
0 6548
0 16384
0 9532
0 4244
0 14508
0 7513
0 10529
0 16187
0 16384
0 9560
0 4244
0 14570
0 7513
0 10522
0 14148
0 16384
0 9608
0 4244
0 14685
0 7513
0 10548
0 9428
0 6134
0 16384
0 9572
0 4244
0 14628
0 7513
0 10538
0 13753
0 16384
0 10491
0 4244
0.668193 4150
1 14540
0 7513
0 10554
0 13873
0 16384
0 10127
0 4244
0 14907
0 7513
0 10527
0 16384
0 4213
0 16384
0 8443
0 4244
0 14594
0 7513
0 10546
0 12382
0 5352
0 7157
0 16384
0 10330
0 4244
0.967682 14419
1 14416
1 14963
1 14399
0 7513
0 10549
0 13675
0 16156
0 4099
0 5669
0 4244
0 14637
0 7513
0 10526
0 10477
0 8365
0 16384
0 10171
0 4244
0.920625 15156
1 14705
0 7513
0 10543
0 9480
0 11582
0 16384
0 9848
0 4244
0 14346
0 7513
0 10537
0 14385
0 16384
0 6483
0 13386
0 4244
0 14341
0 7513
0 10565
0 9865
0 12489
0 16384
0 9599
0 4244
0 15140
0 7513
0 10572
0 13657
0 16384
0 9964
0 4244
0 14124
0 7513
0 10361
0 9044
0 5145
0 16384
0 7226
0 4244
0 14563
0 7513
0 7570
0 5343
0 6215
0 5916
0 16384
0 10101
0 4244
0.913877 15176
1 14690
0 7513
0 10550
0 8328
0 4100
0 4122
0 16384
0 8312
0 4244
0 14671
0 7513
0 10506
0 10157
0 5373
0 16384
0 7221
0 4244
0.934702 14901
1 15022
0 7513
0 10537
0 16384
0 4427
0 16384
0 9841
0 4244
0.932874 14957
1 15023
1 14174
0 7513
0 10549
0 13665
0 16384
0 5397
0 13728
0 4244
0.917839 15068
1 15092
0 7513
0 10540
0 12485
0 6462
0 12432
0 16384
0 7648
0 12453
0 4244
0 14774
0 12505
0 11053
0 16384
0 6136
0.931195 14810
1 15091
1 14443
0 7513
0 10540
0 14173
0 16384
0 9605
0 4244
0 14329
0 7513
0 10489
0 14521
0 16384
0 9770
0 4244
0 15256
0 7513
0 10516
0 13744
0 16384
0 4110
0 6723
0 4244
0 14211
0 7513
0 10525
0 13928
0 16384
0 10097
0 4244
0 14502
0 7513
0 10543
0 10125
0 6438
0 16384
0 10408
0 4244
0.861145 7461
1 14775
1 14642
0 7513
0 10488
0 14633
0 16384
0 9780
0 4244
0 14910
0 7513
0 10514
0 13670
0 16384
0 9877
0 4244
0 14367
0 7513
0 10785
0 16384
0 5184
0 16384
0 8643
0 4244
0.759349 4118
1 14084
1 14470
1 14331
0 7513
0 10514
0 14261
0 16384
0 9890
0 4244
0 14511
0 7513
0 10539
0 16168
0 10706
0 16384
0 9135
0 4244
0.92097 15045
1 14390
1 15208
1 15229
1 14562
1 14782
1 14879
1 15218
1 15150
1 15121
1 15257
1 14757
0 7513
0 10393
0 14359
0 16384
0 9781
0 4244
0 14269
0 7513
0 10389
0 10744
0 12088
0 16384
0 9969
0 4244
0.922979 14905
1 14784
1 15130
1 4298
1 14966
1 15128
1 14814
1 14917
1 15210
1 15210
1 4150
1 14850
1 15064
1 14952
1 4177
1 15003
1 15052
1 4134
1 15203
1 15060
1 14984
1 15189
1 15148
1 14956
1 14847
1 15176
1 14884
1 15120
1 15200
1 15070
1 14830
1 15007
1 14979
1 15095
1 15265
1 15033
1 15267
1 15131
1 15233
1 14948
1 15060
1 15196
1 14973
1 15125
1 15227
1 14982
1 15276
1 14861
1 4136
1 14986
1 14977
1 15014
1 14971
1 14964
1 14980
1 15118
1 14825
1 14422
1 14916
1 14969
1 14529
1 14852
1 15169
1 15202
1 4161
1 4161
1 15241
1 15093
1 14842
1 15189
1 14943
1 15110
1 4182
1 14984
1 15266
1 4152
1 15008
1 15164
1 14843
1 15040
1 15062
1 15108
1 15059
1 14698
1 14949
1 15092
1 14890
1 14365
1 15201
1 15079
1 14944
1 14336
1 15228
1 14917
1 14788
1 14698
1 14899
1 15249
1 15109
1 14813
1 14798
1 14794
1 15094
1 14717
1 15109
1 4160
1 14856
1 14835
1 4152
1 4155
1 15214
0 5122
0 12942
0 16384
0 14813
0 10737
0 4244
0.906447 15264
1 15076
1 15138
1 14828
1 15081
1 15090
1 14990
1 7341
1 15196
1 15078
0 7513
0 10545
0 16384
0 6180
0 16384
0 4257
0 13763
0 4244
0.923087 15095
1 15140
1 15239
1 15031
1 14998
1 15109
1 15167
1 15123
1 4162
1 15068
1 15247
1 14368
1 15091
1 15040
1 15106
1 14322
1 14938
1 15126
1 15234
1 15166
1 4169
1 15115
1 15168
1 15124
1 14983
1 15277
1 15104
1 14509
1 14916
1 14933
1 4191
1 14890
1 14740
1 15016
1 15012
1 15107
1 15181
1 15060
1 14960
1 14777
1 14904
1 14960
1 14774
1 14983
1 15102
1 14903
1 15132
1 15093
1 14999
1 14830
1 14936
1 15101
1 15163
1 14985
1 15221
1 4142
1 14961
1 15205
1 15239
1 14955
1 15252
1 14887
1 14964
1 14987
1 4142
1 14498
1 15267
1 15084
1 15069
1 14912
1 14612
1 15153
1 15118
1 15267
1 14956
1 15246
1 14589
1 15060
1 15019
1 15062
1 15085
1 14678
1 15228
1 14976
1 15107
1 15054
1 15082
1 15213
1 15244
1 4158
1 14911
1 15145
1 15159
1 15125
1 15013
1 15220
1 15113
1 15103
1 14982
1 14949
1 14911
1 14805
1 14549
1 14658
1 14879
1 14879
1 14714
1 14909
1 15009
1 15129
1 15266
1 15109
1 14826
1 14511
1 15259
1 15172
1 15020
1 15159
1 15089
1 14798
1 15009
1 15086
1 14954
1 15033
1 15194
1 15083
1 4428
1 14961
1 14918
1 4533
1 15246
1 15028
1 4291
1 7104
1 4099
1 15136
1 13858
1 13738
1 7917
1 14879
1 4217
1 15157
1 14940
1 15024
1 14952
1 14960
0 7513
0 7524
0 5397
0 6769
0 5543
0 9823
0 4241
0.949331 14210
1 15096
1 15138
1 15023
1 15038
1 15087
1 15056
1 15086
1 15021
1 15116
1 4259
1 14870
1 4153
1 15004
1 4142
1 15004
1 15252
1 15120
1 14994
1 8190
1 15039
1 14931
1 14581
0 7513
0 7563
0 5343
0 13033
0 16384
0 9520
0 4241
0 14497
0 7513
0 10540
0 14706
0 16384
0 8228
0 4241
0 14675
0 7513
0 10532
0 9560
0 7682
0 16384
0 5941
0 13509
0 4241
0.669087 4131
1 4099
1 4099
1 14730
0 7513
0 10544
0 15069
0 16384
0 10094
0 4241
0.884377 7265
1 4112
0 7513
0 10540
0 12920
0 6917
0 16384
0 5803
0 13853
0 4241
0.932784 14922
1 14739
0 7513
0 7563
0 5343
0 13366
0 16384
0 10077
0 4241
0 15057
0 7513
0 10525
0 15631
0 16384
0 5796
0 14005
0 4241
0 14427
0 7513
0 7549
0 5343
0 6000
0 8438
0 7498
0 16384
0 9951
0 4241
0.933597 14909
1 4160
1 14279
0 7513
0 7545
0 5343
0 6949
0 11270
0 5719
0 5554
0 16384
0 9890
0 4241
0.949224 14692
1 14949
1 14336
0 7513
0 7575
0 5343
0 7773
0 5451
0 16384
0 9024
0 4241
0 14791
0 7513
0 10542
0 16374
0 16384
0 10136
0 4241
0.93085 14982
1 14922
1 14737
0 7513
0 7560
0 5343
0 13610
0 16384
0 9817
0 4241
0 14575
0 7513
0 7574
0 5343
0 12849
0 16384
0 10145
0 4241
0 14542
0 7513
0 10553
0 14650
0 16384
0 9909
0 4241
0.90072 9166
1 14704
1 15070
1 15028
1 14929
1 4219
1 4168
1 10330
1 13801
1 13606
1 15114
1 14962
1 14882
1 4382
1 15091
1 15007
1 14886
1 4289
1 15094
1 14922
1 14878
1 15016
1 15268
1 15276
1 15117
1 15086
1 4195
1 14852
1 14276
1 14968
1 15030
1 15282
1 14293
1 15071
1 14873
1 4192
1 4224
1 4168
1 15174
1 15252
1 4275
1 15246
1 15000
1 15070
1 14842
1 15008
1 15065
1 15181
1 15064
1 4204
1 15064
1 15276
1 14912
1 15112
1 15209
1 14666
1 4214
1 15093
1 15229
1 15239
1 15142
1 15114
1 14979
1 15024
1 15106
1 4150
1 14926
1 15018
1 14882
1 15005
1 14869
1 14752
1 14421
1 15002
1 13629
1 4381
1 14753
1 15142
1 15020
1 14839
1 14987
1 4188
1 4704
1 4245
1 4245
1 4245
1 4245
1 14979
1 14986
1 15195
1 15129
1 14972
1 14857
1 15129
1 14995
1 14850
1 14857
1 15098
1 14954
0 10175
1 15095
1 15008
1 9816
1 14393
1 8679
1 4918
1 15079
1 14911
1 15109
0 7513
0 10709
0 11012
0 8260
0 16384
0 8529
0 4241
0.929029 14992
1 14808
1 14803
1 14345
1 14559
1 14374
1 4231
1 4293
1 14726
0 4375
1 12584
0 12247
0 6616
0 9890
0 16384
0 16384
0 5944
0 7445
0 10286
0 7007
0 4145
1 14936
0 4484
1 14577
0 6515
1 4587
0 4715
0 13297
0 6828
0 4715
0 12024
0 5573
0 10092
0.925158 8725
1 16384
0 10092
0.930738 9067
1 16384
0 8062
1 16384
1 12632
1 9065
1 12274
1 8201
1 6746
1 10131
1 15157
1 10099
0 8858
0 8880
0 8930
0 12233
0 8199
0 7144
0 9208
0 9111
0 9152
0 8943
1 8990
0 9283
0 9078
0 9171
0 9137
0 9075
0 9013
0 9008
0 9040
0 9064
0 8850
0 9130
0 8896
1 8923
0 9171
0 9179
0 8933
0 9261
0 8908
0 9064
0 9265
0 9172
0 9110
0.9062 15096
1 14970
1 14970
1 6153
0 12336
1 9507
0 9025
0 15017
0 9186
0.894218 4358
1 14302
1 14577
1 14523
1 14800
1 14646
1 14118
1 14762
1 14724
1 14628
1 14657
1 14161
1 14440
1 13748
1 14118
1 14490
1 14118
1 13784
1 13695
1 14167
0 7339
0 9837
0 13274
0 16384
0 6576
0 4243
0.935879 14270
1 14497
1 8540
0 14952
0 5288
0 16384
0 6583
0.946952 14025
1 14736
0 7339
0 9831
0 16384
0 16384
0 11146
0 12688
0 4243
0.91425 14589
1 14498
1 14493
1 14312
1 14281
1 14444
1 14339
1 14625
1 13818
1 14608
1 14136
1 14406
1 13854
1 14550
1 14523
1 14291
1 14206
1 14571
1 14313
1 14084
1 14702
1 14129
1 13874
1 14336
1 13660
1 14036
0 7339
0 9853
0 16384
0 6074
0 15508
0 6781
0 4243
0 13774
0 7339
0 9824
0 8168
0 5538
0 16384
0 5815
0 4243
0 14086
0 7339
0 9845
0 14673
0 16384
0 6342
0 4243
0 14124
0 7339
0 9839
0 16384
0 16384
0 16384
0 7214
0 4243
0 13662
0 7339
0 9808
0 11835
0 16384
0 4171
0 4243
0 13894
0 7339
0 9834
0 16384
0 16384
0 6345
0 4243
0 13759
0 7339
0 9844
0 8817
0 8029
0 16384
0 6352
0 4243
0 13940
0 7339
0 9840
0 12960
0 16384
0 6087
0 4243
0 14043
0 7339
0 9824
0 9251
0 6962
0 8701
0 16384
0 6456
0 4243
0 14001
0 7339
0 5114
0 4192
0 14394
0 16384
0 5985
0 4243
0 13730
0 7339
0 9813
0 16384
0 10003
0 13802
0 7120
0 4243
0 13995
0 7339
0 10026
0 12699
0 10477
0 16384
0 6816
0 4243
0.939413 14211
1 14604
1 13900
1 13921
1 14418
1 14613
1 14296
1 13893
1 14345
1 14101
1 14679
1 14897
1 14678
1 14236
0 7339
0 9844
0 10040
0 6914
0 16384
0 5943
0 4248
0.939546 14325
1 14741
1 14247
1 13856
1 4113
1 10068
1 13995
1 14433
1 14380
0 7339
0 10020
0 16384
0 16384
0 16384
0 7692
0 4248
0.966793 13491
1 14058
1 14126
1 14052
1 14278
1 14288
1 14547
1 14231
1 14547
1 14770
1 9238
1 7042
0.923216 14925
1 14722
1 4112
1 6158
1 6247
1 4182
0 7287
0.809059 5939
1 6328
1 6256
1 6134
1 6336
1 4188
1 6335
1 5737
1 5824
1 6246
1 6102
1 6059
1 6223
1 5848
1 5963
1 5960
1 6098
1 5975
1 5925
1 5875
1 6002
1 6165
1 6277
1 6285
1 6133
1 5643
1 6089
1 5144
1 5959
1 5987
1 6181
1 5778
1 6438
1 4281
1 6375
1 6018
1 4235
1 4137
1 6151
1 6240
1 6081
1 6089
1 4365
1 4302
1 6074
1 6285
1 6283
1 6172
1 6288
1 4172
1 6143
1 7728
1 6454
1 4282
1 6276
1 6218
1 6256
1 5897
1 4939
1 5870
1 6227
1 6253
1 8684
1 6267
1 6326
1 6065
1 6031
0 4939
0 6289
0 5743
0 4795
0 6329
0 5762
0 4939
0 6541
0 5182
0 4795
0 6329
0.796459 6156
1 5824
1 6072
1 5904
1 5359
1 6128
1 5870
1 6210
0 4939
0 8551
0 8325
0 8932
0 4795
0 6329
0 5632
0 4939
0 5461
0 6317
0 4795
0 6329
0 5562
0 4939
0 5503
0 9426
0 4795
0 6329
0 5294
0 4939
0 5766
0 5271
0 4795
0 6329
0.778041 6330
1 5333
0 4939
0 5531
0 6641
0 4795
0 6329
0 5570
0 4939
0 4704
0 7872
0 4795
0 6329
0 5802
0 4939
0 4171
0 7338
0 4795
0 6329
0 5653
0 4939
0 6105
0 5437
0 4795
0 6329
0 5865
0 4939
0 4261
0 6906
0 4795
0 6329
0 5517
0 4939
0 11817
0 4795
0 6329
0.823051 5900
1 6254
1 5557
0 4939
0 6582
0 5814
0 4795
0 6329
0.891882 5605
1 5650
0 4939
0 4822
0 7080
0 4795
0 6329
0.899777 4939
1 6082
1 5888
1 4264
1 5782
1 5778
1 6277
1 6137
1 7669
1 6055
1 5939
1 4417
1 5928
1 5928
1 5922
1 6061
1 6276
1 5855
1 6180
1 6145
1 5859
1 5976
1 6307
1 6110
1 6220
1 6187
1 6060
1 4257
1 6086
1 5936
1 6270
1 6300
1 5894
1 5947
1 6178
1 12157
1 6159
1 6125
1 12120
1 4139
1 5891
1 5972
1 5935
1 4696
1 16384
1 9938
1 9647
1 11108
1 6526
