1 8844
1 6137
0 5117
0 8141
0 5703
0 8924
0 7898
0 7142
0 7054
0 5944
0 4941
0 8853
0 16382
0 5172
0 5421
0 5697
0 15251
0 10799
0 8475
0 7164
0 5588
0 4831
0 4120
0.536769 13177
0.368333 7200
1 13648
0 16384
0 7891
0 5414
0 6065
0.505705 7449
1 13048
0 16384
0 9127
0 8930
0 16384
0 15417
0 11341
0 5399
0 7346
0.500802 12462
0.461175 13123
0 6217
0 5605
0 6913
0 16384
0 6286
0 10446
0 5972
0 11997
0 13512
0 6338
0.913473 6079
1 10830
0.416424 11666
1 16384
1 14180
1 16384
1 4128
1 14566
1 11907
1 11073
1 16384
1 8777
1 8811
1 9129
1 8537
1 11863
1 9111
0 5022
0.215665 9014
1 4514
0.125074 8419
1 9009
1 5116
0 5045
0.607177 9503
1 15336
0.574647 14113
0.518248 8357
1 16384
1 11505
1 12084
1 11711
0 13521
0.526637 4430
1 16384
1 6565
1 16384
0.954834 16384
1 10978
1 16384
1 16384
1 14988
1 6276
1 16157
1 5757
1 12861
0 12244
0.690595 15769
1 8009
0.295947 6687
1 11575
1 11518
0.967773 16384
1 16384
1 16384
1 11080
1 11110
1 6756
1 6399
1 6213
1 12930
1 12952
0.544549 9540
1 16384
0.790716 4998
0 5911
0 4643
0 4689
0 12702
0.787768 4104
1 4339
1 6828
1 16384
0.815581 5943
1 5707
1 8482
1 13207
0.796216 11365
1 11983
1 16030
0.831419 16372
1 16384
1 15848
1 10979
1 4732
1 16384
0 5100
0.291798 8595
1 13128
0.60893 15005
1 13354
1 16384
0 4498
0.154393 11542
1 4225
0.54437 7043
1 14722
0.671569 8976
1 5289
1 16384
1 6981
1 13261
1 16384
1 6146
1 5327
1 16384
1 16113
1 10746
1 13078
0 9775
0 7327
0 4924
0 9588
0 13555
0 8350
0 16384
0 12843
0.710881 7426
0 16384
0 9057
