0 16384
0 15630
0.439847 10199
1 8176
1 4377
0 5734
0 6684
0.819391 7746
1 7890
1 5124
1 10646
0 5411
0 11118
0 8568
0 16384
0 6988
0 8107
0 4683
0 11981
0 13660
0 7456
0 10925
0 12054
0.215522 14560
0.402635 4175
0 13513
0.0457086 11092
1 15257
1 6320
0 6547
0 8215
0 4438
0 8783
0 5816
0.0984305 4460
1 16384
0 5115
0 5112
0 8115
0 4455
0 6641
0 4872
0 10203
0 11519
0 6124
0 12423
0 5475
0.404902 5263
1 5466
0 7963
0.756586 7592
0 4178
0 12438
0 12164
0.862517 5848
1 8482
0 8097
0 4893
0 5468
0.911182 8827
0 4644
0 4509
0 5589
0 4619
0 8304
0 12230
0 5809
0.405353 7771
1 9541
0.363939 6611
0 6656
0 4136
0 7186
0 9334
0 9358
0 9177
0.477793 13487
0 7112
0 6819
0 6639
0.134086 6645
1 6443
0 7344
0 12942
0 4423
0 10024
0 4673
0 5587
0.722701 8471
0 11017
0 7311
0 4366
0 9663
0.529277 7446
1 14318
0 13138
0 4749
0 6613
0 6016
0 8651
0.411255 16384
1 5801
0 16384
0 7242
0 6137
0 7211
0.965991 4440
1 4788
0 7236
0 5658
0 6918
0 7951
0 4341
0 4287
0 4430
0 4185
0 6163
0 7666
0 16384
0 8045
0 16176
0 4276
0 5400
0 5239
0 16384
0 14132
0 5600
0 4951
0 16384
0 5103
0 10187
0 12775
0 16384
0 7015
0 4976
0 9496
0 16384
0 16384
0 5538
0 4115
0 16384
0 16384
0 14310
0 16384
0 13933
0 14723
0 4256
0 10211
0 5397
0 10200
0 5089
0 11687
0 12240
0 6497
0 9151
0 6290
0 5315
0 5725
0 5239
0 6508
0 8187
0 8179
0 5814
0.414882 6209
0 5294
0 4336
0.901408 11218
1 8256
0 12293
0 5250
0 5616
0 7252
0 7332
0.252961 12832
1 9325
0.663265 6762
1 4988
0 4520
0 16015
0 7658
0 14752
0 13555
0 11501
0 4769
0 16384
0 10895
0 16384
0 6377
0 6875
0 16384
0 8300
0 6882
0.957591 15940
0 10046
0 4465
0 6141
0 5712
0 15947
0 5322
0 5184
0 10716
0 6308
0 4665
0 15872
0 7387
0 9752
0 12706
0 7018
0 7721
0 5520
0 5059
0 10763
0 15073
0 7668
0 8739
0 5610
0 11720
0 6396
0 9291
0 4193
0 4320
0 7288
0 9193
0 11177
0 4831
0 5513
0 5987
0 4325
0 6885
0 6559
0 5517
0 8718
0 7468
0 14064
0 8437
0 4167
0 4106
0 4111
0 10989
0 9002
0 11957
0 5483
0 9872
0 9212
0 5676
0 4196
0 8319
0 4373
0 10508
0 4361
0 11785
0 11448
0 14475
0.55643 10296
0 5234
0 9328
0 9085
0 5455
0 6397
0 11621
0 5260
0 4811
0 4215
0 12217
0 7142
0 4284
0 16384
0 4238
0 9089
0 6015
0 5367
0 9944
0 5447
0 8482
0 5020
0 10833
0 4134
0 7077
0 4599
0 8759
0 8016
0 7292
0.696279 4998
0.565477 14379
1 4669
1 8066
0.626304 5368
1 4580
1 11635
0.342395 9159
0.158907 4317
1 4638
1 16384
1 4955
0.49154 7979
1 13152
1 7332
0 7844
0 11137
0 12657
0 5752
0.661135 8015
1 12405
1 15799
0.978149 16384
1 7587
1 7268
0.971304 7318
1 11411
0 6170
0.522147 8534
1 6141
0.324569 7416
0 5602
0 4183
0 5379
0.127314 5671
1 8971
1 6334
0.955984 13177
1 5970
0 6161
0 16384
0 6172
0 5922
0 16384
0 8364
0 16384
0 5197
0 6747
0 6173
0.0431405 9527
1 5452
0 7017
0 12151
0 10352
0 4973
0 4130
0 5242
0.0536832 7507
0 5236
0 5669
0 4394
0 4248
0 7893
0.143777 10871
1 4336
1 4897
1 4698
1 6125
0 4937
0.0763375 4729
1 8258
0 4979
0.0427151 9856
1 4717
0 4666
0 6290
0 7806
0 8621
0 7976
0 7374
0 5165
0 5227
0 4364
0 10234
0 5333
0 16384
0.947292 12408
1 16384
0 5070
0.683105 16384
0.0893555 16384
1 4432
1 8856
0 5312
0.889088 8367
1 9887
0 7675
0 7223
0 7139
0 8814
0 8586
0 11305
0 4218
0.59008 7460
0.836675 7531
1 13508
1 4808
0 7014
0 10260
0 4747
0 9955
0 4250
0 4970
0.693476 8890
0 9699
0 8217
0 6564
0 7763
0 8268
0 4699
0 4673
0 4326
0 7565
0 7396
0 7167
0 4110
0 12020
0 9573
0 9619
0.214742 10487
1 5825
1 16384
1 5627
1 4711
1 12064
1 13484
1 4303
1 6745
0.810518 6560
1 9367
0 6499
0 9648
0 9100
0 10476
0 8273
0 6431
0.538228 4277
1 6704
0 6845
0 10266
0 4185
0 5803
0.427696 6694
0.66118 7898
0 8646
0.840227 4932
1 5024
0 8940
0 5855
0 9355
0.892639 4415
1 5211
1 6688
0 4734
0 5334
0 4574
0 7911
0 4149
0 7037
0 9813
0.00806994 4461
1 16384
0.280294 7064
0 4566
0 13066
0.110775 11916
1 5328
0 16384
0 6638
0.589914 6306
0 5466
0 4337
0 6273
0 12987
0.41186 6762
1 7171
1 4687
0.769165 16384
1 15756
0.187196 6576
1 6193
0 7744
0.0703535 5714
0.701656 12318
0 4136
0.929831 7596
1 5848
0.954812 8874
0.0433306 9716
0 4332
0.0494388 7929
1 4766
0.0726461 4928
1 10312
0.12316 8290
1 6930
1 10765
0.0657593 6098
0.3456 7147
1 11790
1 16384
0 4678
0.924274 5203
1 8404
0 4895
0 7098
0 5850
0.585247 6575
0 5912
0 7188
0 6005
0 4418
0 5955
0 6195
0 4203
0 10429
0 16384
0 4756
0 7380
0 13828
0 7517
0 5249
0 8328
0 8978
0 16384
0 9746
0 6790
0 5906
0 9334
0.797524 4361
1 10063
0 6985
0 5287
0 7589
0 6952
0 4584
0 6216
0 10166
0 6854
0.0898678 4540
1 5557
0 16384
0 4430
0 4564
0 10911
0 4764
0 6282
0 5636
0 9430
0 4447
0 4134
0 5921
0 10009
0.83953 11485
1 5244
0 5245
0 16384
0 10104
0 6401
0 6472
0 14720
0 8409
0 5287
0 10880
0 4421
0 6782
0 10269
0 4535
0 4440
0 5465
0 9330
0 7020
0 6501
0 4367
0 5812
0 6152
0.00652597 14404
1 5453
1 7686
1 6379
0 4482
0 15427
0 4650
0 6664
0 4279
0 13387
0 5902
0 10213
0.45283 9010
1 5058
1 6864
1 7590
0 15496
0.960767 11062
0.510721 15950
1 4228
1 10472
1 4412
1 4679
0 13304
0.0492276 8674
1 7337
0.615494 7771
0 4510
0.522775 5203
0 6108
0.908898 9879
0.413687 6517
1 4608
0.649771 9845
0.966901 7825
1 15073
1 16384
1 4576
1 6941
1 6609
1 4605
0 5264
0 5505
0.356592 7524
1 13613
1 16384
1 8239
1 4838
1 16384
1 14233
1 6507
1 10565
0.565112 11941
1 6771
1 5717
0 5977
0 10235
0 5419
0.504205 5351
1 5927
1 9611
0 7276
0 6911
0 6728
0 6441
0 10218
0 4300
0 9676
0 6555
0 5764
0 5144
0 4361
0 8512
0 13302
0.0638681 6670
1 4863
0 5144
0 4428
0 12521
0 6330
0 5018
0 11170
0.548964 2798
