1 13153
0 6136
0 11130
0 6809
0 16384
0 9438
0 10592
0 14557
0 10891
0.690705 7391
1 4163
1 5944
0 5189
0 9595
0 6183
0 12141
0 16384
0 4178
0 4118
0 16384
0 7116
0 16384
0.156289 11146
0 6434
0.889559 8783
1 7844
0.674377 16384
1 6802
1 16384
1 4535
1 7580
1 7051
0 8951
0 12490
0 4861
0 7690
0 4785
0 5405
0 8095
0.26162 4690
1 16384
0.0907141 9326
1 4476
0 4583
0 5268
0 13977
0 4958
0.973599 7424
1 14623
1 10239
0 16384
0.904784 6375
1 7061
0.739582 9719
0 9829
0.521693 9381
0.189781 8494
1 4649
0 6408
0 7009
0.624512 4863
0 9572
0 6350
0.575119 8400
0 4131
0.312222 8558
0 13221
0 8975
0 11961
0 9328
0 16384
0 5055
0 12931
0 9803
0.729034 10064
0 7513
0 6703
0.921959 5984
0 4410
0 4159
0 4190
0 9201
0 8227
0.892692 10810
0.636732 14309
1 9921
0 10157
0 4126
0.385019 7436
0 5160
0.229047 4868
0 6681
0 5355
0.579258 12207
1 16384
0 6624
0 6499
0 10609
0.703899 10054
1 8450
1 6228
0 6788
0 6064
0 12880
0.94412 7355
1 4703
1 5349
0 7175
0.707703 16384
0 15777
0 10324
0.30104 13460
0 7655
0.529485 8852
0 11842
0.2276 16384
1 5047
0 5461
0.544206 12668
1 15301
1 13597
1 8561
0 5245
0 6221
0 16384
0 4534
0.742322 12178
0.114258 16384
0 6421
0.899263 14245
0 6622
0.665868 7928
0 8318
0 9754
0.475573 9170
1 5276
0.974854 16384
1 5014
0 10133
0 16384
0.527408 13153
0 5392
0 7415
0.399536 16384
0.672473 8152
1 16384
1 7414
0 5899
0 9391
0 7119
0 11945
0 16384
0 9371
0 7225
0 13542
0 4517
0 16384
0 5404
0.00433717 5303
1 4364
1 16384
1 7783
1 11590
0 16384
0.176855 4744
1 12679
0 5974
0 9756
0.564202 9252
1 11287
1 4875
1 16384
1 11145
1 8015
0.868695 5948
1 6140
0.202165 5080
1 6084
0 4786
0.600616 10068
1 4292
1 6577
1 10119
1 11909
1 5646
1 16384
1 16384
0 6463
0 5943
0.260363 9191
1 8565
1 4298
1 4513
0.336426 16384
0 4165
0 7997
0 16384
0.553957 5143
1 4635
1 16384
1 4651
0 13604
0.723145 16384
0.899612 4383
1 16384
0 8006
0.85586 5904
0.120911 16384
1 14141
0 6303
0.288648 10227
1 8752
0.477295 16384
0 16384
0 10383
0 4548
0 5559
0.842542 12543
1 6945
0 9927
0 14512
0 5385
0 10248
0.237418 6398
1 12073
0.480943 10311
1 11771
0.358974 6513
1 11571
0 4482
0.880836 6126
0 8482
0 9941
0 8242
0.193185 11533
1 9225
0.0800272 4411
1 7336
0.299004 11351
1 8344
1 16330
0 11772
0.947937 16384
1 11426
1 12406
0 6999
0 8663
0.233064 12370
1 7643
1 9700
0.464172 16384
1 13332
0 4553
0.493233 9310
0 7708
0 5409
0.205872 16384
1 9480
1 7605
1 4882
1 7652
1 10282
0 9371
0 10526
0.451016 7237
1 16384
1 12868
0 5889
0 6918
0 12017
0 8512
0 4293
0 4545
0 8451
0 10439
0 11802
0.125286 10496
0 5603
0.206472 13721
1 9474
0 4527
0 10397
0 4172
0.447937 16384
1 13837
0 8949
0 8302
0 6462
0 8090
0 11025
0 10638
0.300535 6545
1 7976
0 4690
0 4297
0.301453 16384
0.338097 15744
0 5313
0 16384
0 16384
0 11437
0.776916 11220
1 12941
0.658237 8699
1 14645
0 6812
0 5522
0 5747
0.837265 5893
1 16384
0.505655 4244
1 14525
0.507892 10770
1 8616
0 5282
0 12276
0.641468 4577
0 6009
0 16384
0 16384
0 12685
0 8886
0 8384
0 8193
0 6929
0 7053
0 5543
0 15110
0 6543
0 10093
0 12054
0 5087
0 16384
0 4879
0 16384
0 4638
0 6239
0 5516
0 9913
0 10829
0.933633 7775
1 8193
1 5274
0 7453
0 7847
0 15949
0 4343
0 6471
0 11231
0 7202
0.0334179 11820
1 9759
1 4728
0.196513 11185
0.770804 13988
1 10525
1 16384
0 4794
0 4244
0 7618
0 15133
0.0738677 6999
1 5301
1 7238
1 6304
0 16384
0 9853
0 12948
0.286013 10510
0 9288
0.1439 4385
0.0383772 8208
0 7976
0.813999 14301
0 11715
0.0309789 11298
1 7978
0 5731
0 7744
0 4262
0 5769
0 12843
0.897296 4956
1 6582
0 9156
0 7134
0.352678 11838
0 7268
0.893433 16384
0.5093 5645
0.0246711 12768
0 4693
0 6606
0.0723622 5279
1 5742
0 4671
0 16384
0 4513
0 14557
0.658345 13338
1 16384
1 16384
1 16384
1 16384
1 16384
1 10267
1 16384
1 5374
1 16384
1 15621
0.316692 5829
1 10114
0.192051 6743
1 4903
0.780344 4416
1 8366
