1 14759
0.0205879 8403
1 8905
0 12918
0.861382 6471
1 13275
1 6514
0 5936
0.663489 6713
1 9649
1 12036
0 15281
0.327158 4264
0 5741
0 10574
0.0470991 15202
1 11186
1 5136
0.0670847 10047
0 15705
0.110947 5417
1 12072
0 7303
0 8442
0.0390004 14205
1 5659
0 9431
0.733209 11271
0 10703
0.710008 6545
1 8417
0.60396 4343
0 10795
0.0442397 13133
1 6195
0.163911 12702
1 16384
1 10854
0.966426 11765
0.520249 11235
0 9062
0.443218 11597
1 12910
0.311786 8230
0 13266
0.542358 16384
1 6036
0 16384
0 8146
0 10498
0 13589
0 6687
0.801758 9559
0 9877
0.933226 14961
1 4849
0.975565 5402
0.435444 4469
1 9841
1 4798
0.0890222 6167
1 4607
1 9980
0.909196 15583
0.342472 4742
0.441267 7168
1 15111
0.237907 10605
0 5387
0 5310
0 11323
0.0791086 7180
1 4140
0.0953364 5811
1 15905
1 7323
1 10683
0.604362 7565
1 7624
1 10791
0 6286
0.439213 10471
0.81727 14059
0.46106 16384
0 13595
0.054305 10662
0 4716
0 11462
0.55615 7658
1 8395
0 6944
0.772949 9412
0 10159
0.00664613 6169
1 5889
0.0610837 9135
1 10554
0.0666871 9792
1 7279
1 6497
1 5922
1 4140
1 10220
0.877654 7536
0 7066
0.817025 14778
0 12621
0 4505
0 11290
0 12628
0 5757
0 4855
0 4476
0 5815
0 6863
0 6290
0 7213
0 7936
0 5835
0 8307
0 11101
0 6201
0 7603
0 6907
0 8528
0 6497
0 7321
0 4231
0 4248
0 6900
0.915161 16384
1 6639
1 8199
0 6515
0 7192
0 11069
0 4945
0 6868
0 16384
0 4216
0.712999 10770
1 5489
0.292117 13498
0 7026
0 4884
0 4759
0.288541 4852
0 5746
0 6383
0.531351 12647
1 16384
0 5144
0.838248 8952
1 6750
0.478641 6063
0.989624 16384
0 4243
0 6313
0 5455
0 7080
0 8752
0 4221
0 4874
0.100832 10463
0 16384
0 10674
0.896301 16384
1 5135
1 16384
0 10042
0 12188
0 6370
0 5402
0.667982 15716
1 9277
1 8921
1 16384
1 16384
1 5154
